{
 "cells": [
  {
   "cell_type": "code",
   "execution_count": 2,
   "id": "f40d0bd1",
   "metadata": {},
   "outputs": [
    {
     "data": {
      "text/html": [
       "<div>\n",
       "<style scoped>\n",
       "    .dataframe tbody tr th:only-of-type {\n",
       "        vertical-align: middle;\n",
       "    }\n",
       "\n",
       "    .dataframe tbody tr th {\n",
       "        vertical-align: top;\n",
       "    }\n",
       "\n",
       "    .dataframe thead th {\n",
       "        text-align: right;\n",
       "    }\n",
       "</style>\n",
       "<table border=\"1\" class=\"dataframe\">\n",
       "  <thead>\n",
       "    <tr style=\"text-align: right;\">\n",
       "      <th></th>\n",
       "      <th>Education</th>\n",
       "      <th>JoiningYear</th>\n",
       "      <th>City</th>\n",
       "      <th>PaymentTier</th>\n",
       "      <th>Age</th>\n",
       "      <th>Gender</th>\n",
       "      <th>EverBenched</th>\n",
       "      <th>ExperienceInCurrentDomain</th>\n",
       "      <th>LeaveOrNot</th>\n",
       "      <th>JOININGYEAR_BIN</th>\n",
       "      <th>AGE_BIN</th>\n",
       "      <th>EXPERIENCEINCURRENTDOMAIN_BIN</th>\n",
       "    </tr>\n",
       "  </thead>\n",
       "  <tbody>\n",
       "    <tr>\n",
       "      <th>1</th>\n",
       "      <td>Bachelors</td>\n",
       "      <td>2013</td>\n",
       "      <td>C</td>\n",
       "      <td>1</td>\n",
       "      <td>28</td>\n",
       "      <td>Female</td>\n",
       "      <td>No</td>\n",
       "      <td>3</td>\n",
       "      <td>1</td>\n",
       "      <td>(2011.999, 2013.0]</td>\n",
       "      <td>(27.0, 28.0]</td>\n",
       "      <td>(2.0, 3.0]</td>\n",
       "    </tr>\n",
       "    <tr>\n",
       "      <th>2</th>\n",
       "      <td>Bachelors</td>\n",
       "      <td>2014</td>\n",
       "      <td>B</td>\n",
       "      <td>3</td>\n",
       "      <td>38</td>\n",
       "      <td>Female</td>\n",
       "      <td>No</td>\n",
       "      <td>2</td>\n",
       "      <td>0</td>\n",
       "      <td>(2013.0, 2014.0]</td>\n",
       "      <td>(34.0, 38.0]</td>\n",
       "      <td>(1.0, 2.0]</td>\n",
       "    </tr>\n",
       "    <tr>\n",
       "      <th>3</th>\n",
       "      <td>Masters</td>\n",
       "      <td>2016</td>\n",
       "      <td>A</td>\n",
       "      <td>3</td>\n",
       "      <td>27</td>\n",
       "      <td>Male</td>\n",
       "      <td>No</td>\n",
       "      <td>5</td>\n",
       "      <td>1</td>\n",
       "      <td>(2015.0, 2016.0]</td>\n",
       "      <td>(26.0, 27.0]</td>\n",
       "      <td>(4.0, 5.0]</td>\n",
       "    </tr>\n",
       "    <tr>\n",
       "      <th>4</th>\n",
       "      <td>Masters</td>\n",
       "      <td>2017</td>\n",
       "      <td>C</td>\n",
       "      <td>3</td>\n",
       "      <td>24</td>\n",
       "      <td>Male</td>\n",
       "      <td>Yes</td>\n",
       "      <td>2</td>\n",
       "      <td>1</td>\n",
       "      <td>(2016.0, 2017.0]</td>\n",
       "      <td>(21.999, 24.0]</td>\n",
       "      <td>(1.0, 2.0]</td>\n",
       "    </tr>\n",
       "    <tr>\n",
       "      <th>6</th>\n",
       "      <td>Bachelors</td>\n",
       "      <td>2015</td>\n",
       "      <td>B</td>\n",
       "      <td>3</td>\n",
       "      <td>38</td>\n",
       "      <td>Male</td>\n",
       "      <td>No</td>\n",
       "      <td>0</td>\n",
       "      <td>0</td>\n",
       "      <td>(2014.0, 2015.0]</td>\n",
       "      <td>(34.0, 38.0]</td>\n",
       "      <td>(-0.001, 1.0]</td>\n",
       "    </tr>\n",
       "    <tr>\n",
       "      <th>...</th>\n",
       "      <td>...</td>\n",
       "      <td>...</td>\n",
       "      <td>...</td>\n",
       "      <td>...</td>\n",
       "      <td>...</td>\n",
       "      <td>...</td>\n",
       "      <td>...</td>\n",
       "      <td>...</td>\n",
       "      <td>...</td>\n",
       "      <td>...</td>\n",
       "      <td>...</td>\n",
       "      <td>...</td>\n",
       "    </tr>\n",
       "    <tr>\n",
       "      <th>4647</th>\n",
       "      <td>Bachelors</td>\n",
       "      <td>2016</td>\n",
       "      <td>C</td>\n",
       "      <td>3</td>\n",
       "      <td>30</td>\n",
       "      <td>Male</td>\n",
       "      <td>No</td>\n",
       "      <td>2</td>\n",
       "      <td>0</td>\n",
       "      <td>(2015.0, 2016.0]</td>\n",
       "      <td>(29.0, 31.0]</td>\n",
       "      <td>(1.0, 2.0]</td>\n",
       "    </tr>\n",
       "    <tr>\n",
       "      <th>4648</th>\n",
       "      <td>Bachelors</td>\n",
       "      <td>2013</td>\n",
       "      <td>A</td>\n",
       "      <td>3</td>\n",
       "      <td>26</td>\n",
       "      <td>Female</td>\n",
       "      <td>No</td>\n",
       "      <td>4</td>\n",
       "      <td>0</td>\n",
       "      <td>(2011.999, 2013.0]</td>\n",
       "      <td>(24.0, 26.0]</td>\n",
       "      <td>(3.0, 4.0]</td>\n",
       "    </tr>\n",
       "    <tr>\n",
       "      <th>4649</th>\n",
       "      <td>Masters</td>\n",
       "      <td>2013</td>\n",
       "      <td>C</td>\n",
       "      <td>2</td>\n",
       "      <td>37</td>\n",
       "      <td>Male</td>\n",
       "      <td>No</td>\n",
       "      <td>2</td>\n",
       "      <td>1</td>\n",
       "      <td>(2011.999, 2013.0]</td>\n",
       "      <td>(34.0, 38.0]</td>\n",
       "      <td>(1.0, 2.0]</td>\n",
       "    </tr>\n",
       "    <tr>\n",
       "      <th>4650</th>\n",
       "      <td>Masters</td>\n",
       "      <td>2018</td>\n",
       "      <td>B</td>\n",
       "      <td>3</td>\n",
       "      <td>27</td>\n",
       "      <td>Male</td>\n",
       "      <td>No</td>\n",
       "      <td>5</td>\n",
       "      <td>1</td>\n",
       "      <td>(2017.0, 2018.0]</td>\n",
       "      <td>(26.0, 27.0]</td>\n",
       "      <td>(4.0, 5.0]</td>\n",
       "    </tr>\n",
       "    <tr>\n",
       "      <th>4651</th>\n",
       "      <td>Bachelors</td>\n",
       "      <td>2012</td>\n",
       "      <td>A</td>\n",
       "      <td>3</td>\n",
       "      <td>30</td>\n",
       "      <td>Male</td>\n",
       "      <td>Yes</td>\n",
       "      <td>2</td>\n",
       "      <td>0</td>\n",
       "      <td>(2011.999, 2013.0]</td>\n",
       "      <td>(29.0, 31.0]</td>\n",
       "      <td>(1.0, 2.0]</td>\n",
       "    </tr>\n",
       "  </tbody>\n",
       "</table>\n",
       "<p>3258 rows × 12 columns</p>\n",
       "</div>"
      ],
      "text/plain": [
       "      Education  JoiningYear City  PaymentTier  Age  Gender EverBenched  \\\n",
       "1     Bachelors         2013    C            1   28  Female          No   \n",
       "2     Bachelors         2014    B            3   38  Female          No   \n",
       "3       Masters         2016    A            3   27    Male          No   \n",
       "4       Masters         2017    C            3   24    Male         Yes   \n",
       "6     Bachelors         2015    B            3   38    Male          No   \n",
       "...         ...          ...  ...          ...  ...     ...         ...   \n",
       "4647  Bachelors         2016    C            3   30    Male          No   \n",
       "4648  Bachelors         2013    A            3   26  Female          No   \n",
       "4649    Masters         2013    C            2   37    Male          No   \n",
       "4650    Masters         2018    B            3   27    Male          No   \n",
       "4651  Bachelors         2012    A            3   30    Male         Yes   \n",
       "\n",
       "      ExperienceInCurrentDomain  LeaveOrNot     JOININGYEAR_BIN  \\\n",
       "1                             3           1  (2011.999, 2013.0]   \n",
       "2                             2           0    (2013.0, 2014.0]   \n",
       "3                             5           1    (2015.0, 2016.0]   \n",
       "4                             2           1    (2016.0, 2017.0]   \n",
       "6                             0           0    (2014.0, 2015.0]   \n",
       "...                         ...         ...                 ...   \n",
       "4647                          2           0    (2015.0, 2016.0]   \n",
       "4648                          4           0  (2011.999, 2013.0]   \n",
       "4649                          2           1  (2011.999, 2013.0]   \n",
       "4650                          5           1    (2017.0, 2018.0]   \n",
       "4651                          2           0  (2011.999, 2013.0]   \n",
       "\n",
       "             AGE_BIN EXPERIENCEINCURRENTDOMAIN_BIN  \n",
       "1       (27.0, 28.0]                    (2.0, 3.0]  \n",
       "2       (34.0, 38.0]                    (1.0, 2.0]  \n",
       "3       (26.0, 27.0]                    (4.0, 5.0]  \n",
       "4     (21.999, 24.0]                    (1.0, 2.0]  \n",
       "6       (34.0, 38.0]                 (-0.001, 1.0]  \n",
       "...              ...                           ...  \n",
       "4647    (29.0, 31.0]                    (1.0, 2.0]  \n",
       "4648    (24.0, 26.0]                    (3.0, 4.0]  \n",
       "4649    (34.0, 38.0]                    (1.0, 2.0]  \n",
       "4650    (26.0, 27.0]                    (4.0, 5.0]  \n",
       "4651    (29.0, 31.0]                    (1.0, 2.0]  \n",
       "\n",
       "[3258 rows x 12 columns]"
      ]
     },
     "execution_count": 2,
     "metadata": {},
     "output_type": "execute_result"
    }
   ],
   "source": [
    "import pandas as pd\n",
    "import numpy as np\n",
    "import seaborn as sb\n",
    "\n",
    "data = pd.read_pickle('Binning.pickle')\n",
    "\n",
    "data\n"
   ]
  },
  {
   "cell_type": "code",
   "execution_count": 4,
   "id": "dfb5f5b6",
   "metadata": {},
   "outputs": [
    {
     "name": "stdout",
     "output_type": "stream",
     "text": [
      "WOE Education -> {'PHD': -0.45016406746450516, 'Bachelors': -0.1513965079384955, 'Masters': 0.6239421825883269}\n",
      "WOE PaymentTier -> {1: 0.08452503055593452, 2: 1.0395191516220397, 3: -0.3151325750622815}\n",
      "WOE Age -> {22: 0.07102434333703207, 23: 0.016957122066756293, 24: 0.11648671741378933, 25: 0.2951430288094481, 26: 0.12388783289409973, 27: 0.04275390939877661, 28: -0.2147903149399535, 29: 0.05581492467350306, 30: -0.13752040855602504, 31: -0.2648598309326267, 32: 0.4356674569249413, 33: -0.16786756494531696, 34: -0.1635479038008005, 35: 0.22517502316429028, 36: -0.2716643586269606, 37: -0.09685652930212822, 38: -0.1986392236120705, 39: -0.18386790629175795, 40: -0.2284921867617519, 41: -0.12964635212511913}\n",
      "WOE Gender -> {'Female': 0.5205543885381253, 'Male': -0.39793155910410033}\n",
      "WOE EverBenched -> {'Yes': 0.48627745781135934, 'No': -0.060124089222305874}\n",
      "WOE JOININGYEAR_BIN -> {Interval(2017.0, 2018.0, closed='right'): 4.769684872412462, Interval(2014.0, 2015.0, closed='right'): 0.2653220911777023, Interval(2013.0, 2014.0, closed='right'): -0.5559145878630469, Interval(2011.999, 2013.0, closed='right'): -0.2400446618129026, Interval(2016.0, 2017.0, closed='right'): -0.35543424169241933, Interval(2015.0, 2016.0, closed='right'): -0.5281504502602484}\n",
      "WOE EXPERIENCEINCURRENTDOMAIN_BIN -> {Interval(2.0, 3.0, closed='right'): 0.0962234499145709, Interval(3.0, 4.0, closed='right'): -0.024946431970955342, Interval(-0.001, 1.0, closed='right'): 0.03661556365149012, Interval(1.0, 2.0, closed='right'): 0.049122803064467764, Interval(4.0, 5.0, closed='right'): -0.15156626353400435, Interval(5.0, 7.0, closed='right'): -0.15211920797717765}\n"
     ]
    },
    {
     "data": {
      "text/html": [
       "<div>\n",
       "<style scoped>\n",
       "    .dataframe tbody tr th:only-of-type {\n",
       "        vertical-align: middle;\n",
       "    }\n",
       "\n",
       "    .dataframe tbody tr th {\n",
       "        vertical-align: top;\n",
       "    }\n",
       "\n",
       "    .dataframe thead th {\n",
       "        text-align: right;\n",
       "    }\n",
       "</style>\n",
       "<table border=\"1\" class=\"dataframe\">\n",
       "  <thead>\n",
       "    <tr style=\"text-align: right;\">\n",
       "      <th></th>\n",
       "      <th>LeaveOrNot</th>\n",
       "      <th>Education_WOE</th>\n",
       "      <th>PaymentTier_WOE</th>\n",
       "      <th>Age_WOE</th>\n",
       "      <th>Gender_WOE</th>\n",
       "      <th>EverBenched_WOE</th>\n",
       "      <th>JOININGYEAR_BIN_WOE</th>\n",
       "      <th>EXPERIENCEINCURRENTDOMAIN_BIN_WOE</th>\n",
       "    </tr>\n",
       "  </thead>\n",
       "  <tbody>\n",
       "    <tr>\n",
       "      <th>1</th>\n",
       "      <td>1</td>\n",
       "      <td>-0.151397</td>\n",
       "      <td>0.084525</td>\n",
       "      <td>-0.214790</td>\n",
       "      <td>0.520554</td>\n",
       "      <td>-0.060124</td>\n",
       "      <td>-0.240045</td>\n",
       "      <td>0.096223</td>\n",
       "    </tr>\n",
       "    <tr>\n",
       "      <th>2</th>\n",
       "      <td>0</td>\n",
       "      <td>-0.151397</td>\n",
       "      <td>-0.315133</td>\n",
       "      <td>-0.198639</td>\n",
       "      <td>0.520554</td>\n",
       "      <td>-0.060124</td>\n",
       "      <td>-0.555915</td>\n",
       "      <td>0.049123</td>\n",
       "    </tr>\n",
       "    <tr>\n",
       "      <th>3</th>\n",
       "      <td>1</td>\n",
       "      <td>0.623942</td>\n",
       "      <td>-0.315133</td>\n",
       "      <td>0.042754</td>\n",
       "      <td>-0.397932</td>\n",
       "      <td>-0.060124</td>\n",
       "      <td>-0.528150</td>\n",
       "      <td>-0.151566</td>\n",
       "    </tr>\n",
       "    <tr>\n",
       "      <th>4</th>\n",
       "      <td>1</td>\n",
       "      <td>0.623942</td>\n",
       "      <td>-0.315133</td>\n",
       "      <td>0.116487</td>\n",
       "      <td>-0.397932</td>\n",
       "      <td>0.486277</td>\n",
       "      <td>-0.355434</td>\n",
       "      <td>0.049123</td>\n",
       "    </tr>\n",
       "    <tr>\n",
       "      <th>6</th>\n",
       "      <td>0</td>\n",
       "      <td>-0.151397</td>\n",
       "      <td>-0.315133</td>\n",
       "      <td>-0.198639</td>\n",
       "      <td>-0.397932</td>\n",
       "      <td>-0.060124</td>\n",
       "      <td>0.265322</td>\n",
       "      <td>0.036616</td>\n",
       "    </tr>\n",
       "    <tr>\n",
       "      <th>...</th>\n",
       "      <td>...</td>\n",
       "      <td>...</td>\n",
       "      <td>...</td>\n",
       "      <td>...</td>\n",
       "      <td>...</td>\n",
       "      <td>...</td>\n",
       "      <td>...</td>\n",
       "      <td>...</td>\n",
       "    </tr>\n",
       "    <tr>\n",
       "      <th>4647</th>\n",
       "      <td>0</td>\n",
       "      <td>-0.151397</td>\n",
       "      <td>-0.315133</td>\n",
       "      <td>-0.137520</td>\n",
       "      <td>-0.397932</td>\n",
       "      <td>-0.060124</td>\n",
       "      <td>-0.528150</td>\n",
       "      <td>0.049123</td>\n",
       "    </tr>\n",
       "    <tr>\n",
       "      <th>4648</th>\n",
       "      <td>0</td>\n",
       "      <td>-0.151397</td>\n",
       "      <td>-0.315133</td>\n",
       "      <td>0.123888</td>\n",
       "      <td>0.520554</td>\n",
       "      <td>-0.060124</td>\n",
       "      <td>-0.240045</td>\n",
       "      <td>-0.024946</td>\n",
       "    </tr>\n",
       "    <tr>\n",
       "      <th>4649</th>\n",
       "      <td>1</td>\n",
       "      <td>0.623942</td>\n",
       "      <td>1.039519</td>\n",
       "      <td>-0.096857</td>\n",
       "      <td>-0.397932</td>\n",
       "      <td>-0.060124</td>\n",
       "      <td>-0.240045</td>\n",
       "      <td>0.049123</td>\n",
       "    </tr>\n",
       "    <tr>\n",
       "      <th>4650</th>\n",
       "      <td>1</td>\n",
       "      <td>0.623942</td>\n",
       "      <td>-0.315133</td>\n",
       "      <td>0.042754</td>\n",
       "      <td>-0.397932</td>\n",
       "      <td>-0.060124</td>\n",
       "      <td>4.769685</td>\n",
       "      <td>-0.151566</td>\n",
       "    </tr>\n",
       "    <tr>\n",
       "      <th>4651</th>\n",
       "      <td>0</td>\n",
       "      <td>-0.151397</td>\n",
       "      <td>-0.315133</td>\n",
       "      <td>-0.137520</td>\n",
       "      <td>-0.397932</td>\n",
       "      <td>0.486277</td>\n",
       "      <td>-0.240045</td>\n",
       "      <td>0.049123</td>\n",
       "    </tr>\n",
       "  </tbody>\n",
       "</table>\n",
       "<p>3258 rows × 8 columns</p>\n",
       "</div>"
      ],
      "text/plain": [
       "      LeaveOrNot  Education_WOE  PaymentTier_WOE   Age_WOE  Gender_WOE  \\\n",
       "1              1      -0.151397         0.084525 -0.214790    0.520554   \n",
       "2              0      -0.151397        -0.315133 -0.198639    0.520554   \n",
       "3              1       0.623942        -0.315133  0.042754   -0.397932   \n",
       "4              1       0.623942        -0.315133  0.116487   -0.397932   \n",
       "6              0      -0.151397        -0.315133 -0.198639   -0.397932   \n",
       "...          ...            ...              ...       ...         ...   \n",
       "4647           0      -0.151397        -0.315133 -0.137520   -0.397932   \n",
       "4648           0      -0.151397        -0.315133  0.123888    0.520554   \n",
       "4649           1       0.623942         1.039519 -0.096857   -0.397932   \n",
       "4650           1       0.623942        -0.315133  0.042754   -0.397932   \n",
       "4651           0      -0.151397        -0.315133 -0.137520   -0.397932   \n",
       "\n",
       "      EverBenched_WOE  JOININGYEAR_BIN_WOE  EXPERIENCEINCURRENTDOMAIN_BIN_WOE  \n",
       "1           -0.060124            -0.240045                           0.096223  \n",
       "2           -0.060124            -0.555915                           0.049123  \n",
       "3           -0.060124            -0.528150                          -0.151566  \n",
       "4            0.486277            -0.355434                           0.049123  \n",
       "6           -0.060124             0.265322                           0.036616  \n",
       "...               ...                  ...                                ...  \n",
       "4647        -0.060124            -0.528150                           0.049123  \n",
       "4648        -0.060124            -0.240045                          -0.024946  \n",
       "4649        -0.060124            -0.240045                           0.049123  \n",
       "4650        -0.060124             4.769685                          -0.151566  \n",
       "4651         0.486277            -0.240045                           0.049123  \n",
       "\n",
       "[3258 rows x 8 columns]"
      ]
     },
     "execution_count": 4,
     "metadata": {},
     "output_type": "execute_result"
    }
   ],
   "source": [
    "def num_event(event, dataframe ,field, val):\n",
    "    if event == 'good':\n",
    "        event = 1\n",
    "    else:\n",
    "        event = 0\n",
    "    cond_main = dataframe[field] == val\n",
    "    cond_event = dataframe['LeaveOrNot'] == event\n",
    "    n = len(dataframe[cond_main & cond_event].index)\n",
    "    return n\n",
    "\n",
    "\n",
    "def dist_event(event, dataframe ,field, val):\n",
    "    n = num_event(event, dataframe, field, val)\n",
    "    sumd = 0\n",
    "    all_elements = set(dataframe[field].to_numpy())\n",
    "    for a in all_elements:\n",
    "        s = num_event(event, dataframe, field, a)\n",
    "        sumd = sumd + s\n",
    "    return n/sumd\n",
    "\n",
    "def WOE(dataframe, field, val):\n",
    "    dg = dist_event('good', dataframe, field, val)\n",
    "    db = dist_event('bad', dataframe, field, val)\n",
    "    w = np.log(dg / db)\n",
    "    return w\n",
    "dt_train = pd.DataFrame()\n",
    "dt_train['LeaveOrNot'] = data['LeaveOrNot']\n",
    "ATTRS = ['Education', 'PaymentTier', 'Age', 'Gender', 'EverBenched','JOININGYEAR_BIN','EXPERIENCEINCURRENTDOMAIN_BIN']\n",
    "\n",
    "\n",
    "NEW_WOE_ATTRS=[]\n",
    "for attr in ATTRS:\n",
    "    attr_element = set(data[attr].to_numpy())\n",
    "    attr_woe = dict()\n",
    "    for i in attr_element:\n",
    "        w = WOE(data, attr, i)\n",
    "        attr_woe[i] = w\n",
    "        NEW_WOE_ATTRS.append( attr_woe[i])\n",
    "    print(f'WOE {attr} -> {attr_woe}')\n",
    "    \n",
    "\n",
    "    lst = []\n",
    "    for s in data[attr]:\n",
    "        woe = attr_woe[s]\n",
    "        lst.append(woe)\n",
    "\n",
    "    new_field = attr + '_WOE'\n",
    "    dt_train[new_field] = lst\n",
    "\n",
    "\n",
    "dt_train\n",
    "\n"
   ]
  },
  {
   "cell_type": "code",
   "execution_count": 5,
   "id": "de1c1d7f",
   "metadata": {},
   "outputs": [
    {
     "data": {
      "text/plain": [
       "array([[ 1.        , -0.15139651,  0.08452503, ..., -0.06012409,\n",
       "        -0.24004466,  0.09622345],\n",
       "       [ 1.        , -0.15139651, -0.31513258, ..., -0.06012409,\n",
       "        -0.55591459,  0.0491228 ],\n",
       "       [ 1.        ,  0.62394218, -0.31513258, ..., -0.06012409,\n",
       "        -0.52815045, -0.15156626],\n",
       "       ...,\n",
       "       [ 1.        ,  0.62394218,  1.03951915, ..., -0.06012409,\n",
       "        -0.24004466,  0.0491228 ],\n",
       "       [ 1.        ,  0.62394218, -0.31513258, ..., -0.06012409,\n",
       "         4.76968487, -0.15156626],\n",
       "       [ 1.        , -0.15139651, -0.31513258, ...,  0.48627746,\n",
       "        -0.24004466,  0.0491228 ]])"
      ]
     },
     "execution_count": 5,
     "metadata": {},
     "output_type": "execute_result"
    }
   ],
   "source": [
    "Y =  dt_train['LeaveOrNot'].to_numpy()\n",
    "x_1 = dt_train['Education_WOE'].to_numpy()\n",
    "x_2 = dt_train['PaymentTier_WOE'].to_numpy()\n",
    "x_3 = dt_train['Age_WOE'].to_numpy()\n",
    "x_4 = dt_train['Gender_WOE'].to_numpy()\n",
    "x_5 = dt_train['EverBenched_WOE'].to_numpy()\n",
    "x_6 = dt_train['JOININGYEAR_BIN_WOE'].to_numpy()\n",
    "x_7 = dt_train['EXPERIENCEINCURRENTDOMAIN_BIN_WOE'].to_numpy()\n",
    "\n",
    "\n",
    "\n",
    "array_ones = np.ones(x_1.shape)\n",
    "\n",
    "X = np.array([array_ones, x_1,x_2,x_3,x_4,x_5,x_6,x_7])\n",
    "X = np.transpose(X)\n",
    "X\n"
   ]
  },
  {
   "cell_type": "code",
   "execution_count": 6,
   "id": "1b92e660",
   "metadata": {},
   "outputs": [
    {
     "data": {
      "text/plain": [
       "array([[ 3.25800000e+03, -4.25521243e+01, -9.80892534e+01,\n",
       "        -1.77614667e+01, -9.87553438e+01, -1.17469613e+01,\n",
       "         3.96545327e+02, -3.80598313e+00],\n",
       "       [-4.25521243e+01,  3.29048694e+02,  1.38263183e+02,\n",
       "         6.65349205e-01,  8.90148525e+00,  1.04388055e+00,\n",
       "         2.55602061e+00,  2.78181374e+00],\n",
       "       [-9.80892534e+01,  1.38263183e+02,  9.34772803e+02,\n",
       "        -1.62667346e+00,  2.13110162e+02,  1.25958660e+00,\n",
       "        -2.41993860e+02,  2.77681197e+00],\n",
       "       [-1.77614667e+01,  6.65349205e-01, -1.62667346e+00,\n",
       "         1.14599974e+02, -4.89468170e+00,  7.57899910e-01,\n",
       "         2.00973505e+01,  1.21061657e+00],\n",
       "       [-9.87553438e+01,  8.90148525e+00,  2.13110162e+02,\n",
       "        -4.89468170e+00,  6.62768814e+02, -5.10557057e+00,\n",
       "        -1.72359399e+01,  6.58475880e-01],\n",
       "       [-1.17469613e+01,  1.04388055e+00,  1.25958660e+00,\n",
       "         7.57899910e-01, -5.10557057e+00,  9.02481039e+01,\n",
       "         8.69945095e+01, -7.16817946e-01],\n",
       "       [ 3.96545327e+02,  2.55602061e+00, -2.41993860e+02,\n",
       "         2.00973505e+01, -1.72359399e+01,  8.69945095e+01,\n",
       "         6.07620750e+03,  7.91605207e+00],\n",
       "       [-3.80598313e+00,  2.78181374e+00,  2.77681197e+00,\n",
       "         1.21061657e+00,  6.58475880e-01, -7.16817946e-01,\n",
       "         7.91605207e+00,  2.33630173e+01]])"
      ]
     },
     "execution_count": 6,
     "metadata": {},
     "output_type": "execute_result"
    }
   ],
   "source": [
    "np.matmul(np.transpose(X), X)\n"
   ]
  },
  {
   "cell_type": "code",
   "execution_count": 7,
   "id": "fcf14920",
   "metadata": {},
   "outputs": [
    {
     "data": {
      "text/plain": [
       "array([[ 3.12150750e-04,  3.33460512e-05,  1.26311272e-05,\n",
       "         5.28891389e-05,  4.22813557e-05,  6.25625214e-05,\n",
       "        -2.08989928e-05,  5.04479980e-05],\n",
       "       [ 3.33460512e-05,  3.25802687e-03, -5.12085486e-04,\n",
       "        -8.25154783e-06,  1.25527272e-04,  7.77941702e-07,\n",
       "        -2.31562556e-05, -3.16874641e-04],\n",
       "       [ 1.26311272e-05, -5.12085486e-04,  1.24942027e-03,\n",
       "        -1.21642356e-06, -3.92237774e-04, -8.03298654e-05,\n",
       "         4.93144090e-05, -9.35243262e-05],\n",
       "       [ 5.28891389e-05, -8.25154783e-06, -1.21642356e-06,\n",
       "         8.74762830e-03,  7.23331357e-05, -3.58166544e-05,\n",
       "        -3.11436713e-05, -4.36123686e-04],\n",
       "       [ 4.22813557e-05,  1.25527272e-04, -3.92237774e-04,\n",
       "         7.23331357e-05,  1.64058684e-03,  1.16833686e-04,\n",
       "        -1.56885687e-05, -2.52601621e-06],\n",
       "       [ 6.25625214e-05,  7.77941702e-07, -8.03298654e-05,\n",
       "        -3.58166544e-05,  1.16833686e-04,  1.12626255e-02,\n",
       "        -1.68630699e-04,  4.20903607e-04],\n",
       "       [-2.08989928e-05, -2.31562556e-05,  4.93144090e-05,\n",
       "        -3.11436713e-05, -1.56885687e-05, -1.68630699e-04,\n",
       "         1.70474636e-04, -6.73881999e-05],\n",
       "       [ 5.04479980e-05, -3.16874641e-04, -9.35243262e-05,\n",
       "        -4.36123686e-04, -2.52601621e-06,  4.20903607e-04,\n",
       "        -6.73881999e-05,  4.29181718e-02]])"
      ]
     },
     "execution_count": 7,
     "metadata": {},
     "output_type": "execute_result"
    }
   ],
   "source": [
    "np.linalg.inv(np.matmul(np.transpose(X), X))\n"
   ]
  },
  {
   "cell_type": "code",
   "execution_count": 8,
   "id": "99dbf5d6",
   "metadata": {},
   "outputs": [
    {
     "data": {
      "text/plain": [
       "array([1111.        ,   62.59291184,  186.48085465,   19.74867017,\n",
       "        115.41900805,   17.34797512,  986.14194406,    3.88538624])"
      ]
     },
     "execution_count": 8,
     "metadata": {},
     "output_type": "execute_result"
    }
   ],
   "source": [
    "np.matmul(np.transpose(X), Y)\n"
   ]
  },
  {
   "cell_type": "code",
   "execution_count": 9,
   "id": "d52fcf46",
   "metadata": {},
   "outputs": [
    {
     "data": {
      "text/plain": [
       "array([0.3378387 , 0.13575495, 0.21655157, 0.20609121, 0.15901611,\n",
       "       0.09807848, 0.14702715, 0.11746988])"
      ]
     },
     "execution_count": 9,
     "metadata": {},
     "output_type": "execute_result"
    }
   ],
   "source": [
    "B = np.matmul(np.linalg.inv(np.matmul(np.transpose(X), X)), np.matmul(np.transpose(X), Y))\n",
    "B"
   ]
  },
  {
   "cell_type": "code",
   "execution_count": 10,
   "id": "271e6f23",
   "metadata": {},
   "outputs": [
    {
     "name": "stdout",
     "output_type": "stream",
     "text": [
      "y = 0.338+ (0.136)x_1+ (0.217)x_2+ (0.206)x_3+ (0.159)x_4+ (0.098)x_5+ (0.147)x_6+ (0.117)x_7\n"
     ]
    }
   ],
   "source": [
    "def predict(x):\n",
    "    y = B[0] + B[1]*x+ B[2]*x+ B[3]*x+ B[4]*x+ B[5]*x \\\n",
    "    + B[6]*x+ B[7]*x\n",
    "    return y\n",
    "\n",
    "eq = f'y = {B[0]:.3f}'\n",
    "for i in range(1, len(B)):\n",
    "    eq = eq + f'+ ({B[i]:.3f})x_{i}'\n",
    "print(eq)"
   ]
  },
  {
   "cell_type": "code",
   "execution_count": 11,
   "id": "786f0775",
   "metadata": {},
   "outputs": [
    {
     "data": {
      "text/html": [
       "<div>\n",
       "<style scoped>\n",
       "    .dataframe tbody tr th:only-of-type {\n",
       "        vertical-align: middle;\n",
       "    }\n",
       "\n",
       "    .dataframe tbody tr th {\n",
       "        vertical-align: top;\n",
       "    }\n",
       "\n",
       "    .dataframe thead th {\n",
       "        text-align: right;\n",
       "    }\n",
       "</style>\n",
       "<table border=\"1\" class=\"dataframe\">\n",
       "  <thead>\n",
       "    <tr style=\"text-align: right;\">\n",
       "      <th></th>\n",
       "      <th>ATTR</th>\n",
       "      <th>VAL</th>\n",
       "      <th>N_GOOD</th>\n",
       "      <th>N_BAD</th>\n",
       "      <th>DIST_GOOD</th>\n",
       "      <th>DIST_BAD</th>\n",
       "      <th>WOE</th>\n",
       "    </tr>\n",
       "  </thead>\n",
       "  <tbody>\n",
       "    <tr>\n",
       "      <th>0</th>\n",
       "      <td>Age</td>\n",
       "      <td>22</td>\n",
       "      <td>10</td>\n",
       "      <td>18</td>\n",
       "      <td>0.009001</td>\n",
       "      <td>0.008384</td>\n",
       "      <td>0.071024</td>\n",
       "    </tr>\n",
       "    <tr>\n",
       "      <th>1</th>\n",
       "      <td>Age</td>\n",
       "      <td>23</td>\n",
       "      <td>10</td>\n",
       "      <td>19</td>\n",
       "      <td>0.009001</td>\n",
       "      <td>0.008850</td>\n",
       "      <td>0.016957</td>\n",
       "    </tr>\n",
       "    <tr>\n",
       "      <th>2</th>\n",
       "      <td>Age</td>\n",
       "      <td>24</td>\n",
       "      <td>100</td>\n",
       "      <td>172</td>\n",
       "      <td>0.090009</td>\n",
       "      <td>0.080112</td>\n",
       "      <td>0.116487</td>\n",
       "    </tr>\n",
       "    <tr>\n",
       "      <th>3</th>\n",
       "      <td>Age</td>\n",
       "      <td>25</td>\n",
       "      <td>114</td>\n",
       "      <td>164</td>\n",
       "      <td>0.102610</td>\n",
       "      <td>0.076386</td>\n",
       "      <td>0.295143</td>\n",
       "    </tr>\n",
       "    <tr>\n",
       "      <th>4</th>\n",
       "      <td>Age</td>\n",
       "      <td>26</td>\n",
       "      <td>164</td>\n",
       "      <td>280</td>\n",
       "      <td>0.147615</td>\n",
       "      <td>0.130415</td>\n",
       "      <td>0.123888</td>\n",
       "    </tr>\n",
       "    <tr>\n",
       "      <th>5</th>\n",
       "      <td>Age</td>\n",
       "      <td>27</td>\n",
       "      <td>155</td>\n",
       "      <td>287</td>\n",
       "      <td>0.139514</td>\n",
       "      <td>0.133675</td>\n",
       "      <td>0.042754</td>\n",
       "    </tr>\n",
       "    <tr>\n",
       "      <th>6</th>\n",
       "      <td>Age</td>\n",
       "      <td>28</td>\n",
       "      <td>134</td>\n",
       "      <td>321</td>\n",
       "      <td>0.120612</td>\n",
       "      <td>0.149511</td>\n",
       "      <td>-0.214790</td>\n",
       "    </tr>\n",
       "    <tr>\n",
       "      <th>7</th>\n",
       "      <td>Age</td>\n",
       "      <td>29</td>\n",
       "      <td>58</td>\n",
       "      <td>106</td>\n",
       "      <td>0.052205</td>\n",
       "      <td>0.049371</td>\n",
       "      <td>0.055815</td>\n",
       "    </tr>\n",
       "    <tr>\n",
       "      <th>8</th>\n",
       "      <td>Age</td>\n",
       "      <td>30</td>\n",
       "      <td>46</td>\n",
       "      <td>102</td>\n",
       "      <td>0.041404</td>\n",
       "      <td>0.047508</td>\n",
       "      <td>-0.137520</td>\n",
       "    </tr>\n",
       "    <tr>\n",
       "      <th>9</th>\n",
       "      <td>Age</td>\n",
       "      <td>31</td>\n",
       "      <td>27</td>\n",
       "      <td>68</td>\n",
       "      <td>0.024302</td>\n",
       "      <td>0.031672</td>\n",
       "      <td>-0.264860</td>\n",
       "    </tr>\n",
       "    <tr>\n",
       "      <th>10</th>\n",
       "      <td>Age</td>\n",
       "      <td>32</td>\n",
       "      <td>40</td>\n",
       "      <td>50</td>\n",
       "      <td>0.036004</td>\n",
       "      <td>0.023288</td>\n",
       "      <td>0.435667</td>\n",
       "    </tr>\n",
       "    <tr>\n",
       "      <th>11</th>\n",
       "      <td>Age</td>\n",
       "      <td>33</td>\n",
       "      <td>28</td>\n",
       "      <td>64</td>\n",
       "      <td>0.025203</td>\n",
       "      <td>0.029809</td>\n",
       "      <td>-0.167868</td>\n",
       "    </tr>\n",
       "    <tr>\n",
       "      <th>12</th>\n",
       "      <td>Age</td>\n",
       "      <td>34</td>\n",
       "      <td>29</td>\n",
       "      <td>66</td>\n",
       "      <td>0.026103</td>\n",
       "      <td>0.030741</td>\n",
       "      <td>-0.163548</td>\n",
       "    </tr>\n",
       "    <tr>\n",
       "      <th>13</th>\n",
       "      <td>Age</td>\n",
       "      <td>35</td>\n",
       "      <td>35</td>\n",
       "      <td>54</td>\n",
       "      <td>0.031503</td>\n",
       "      <td>0.025151</td>\n",
       "      <td>0.225175</td>\n",
       "    </tr>\n",
       "    <tr>\n",
       "      <th>14</th>\n",
       "      <td>Age</td>\n",
       "      <td>36</td>\n",
       "      <td>28</td>\n",
       "      <td>71</td>\n",
       "      <td>0.025203</td>\n",
       "      <td>0.033069</td>\n",
       "      <td>-0.271664</td>\n",
       "    </tr>\n",
       "    <tr>\n",
       "      <th>15</th>\n",
       "      <td>Age</td>\n",
       "      <td>37</td>\n",
       "      <td>31</td>\n",
       "      <td>66</td>\n",
       "      <td>0.027903</td>\n",
       "      <td>0.030741</td>\n",
       "      <td>-0.096857</td>\n",
       "    </tr>\n",
       "    <tr>\n",
       "      <th>16</th>\n",
       "      <td>Age</td>\n",
       "      <td>38</td>\n",
       "      <td>28</td>\n",
       "      <td>66</td>\n",
       "      <td>0.025203</td>\n",
       "      <td>0.030741</td>\n",
       "      <td>-0.198639</td>\n",
       "    </tr>\n",
       "    <tr>\n",
       "      <th>17</th>\n",
       "      <td>Age</td>\n",
       "      <td>39</td>\n",
       "      <td>31</td>\n",
       "      <td>72</td>\n",
       "      <td>0.027903</td>\n",
       "      <td>0.033535</td>\n",
       "      <td>-0.183868</td>\n",
       "    </tr>\n",
       "    <tr>\n",
       "      <th>18</th>\n",
       "      <td>Age</td>\n",
       "      <td>40</td>\n",
       "      <td>28</td>\n",
       "      <td>68</td>\n",
       "      <td>0.025203</td>\n",
       "      <td>0.031672</td>\n",
       "      <td>-0.228492</td>\n",
       "    </tr>\n",
       "    <tr>\n",
       "      <th>19</th>\n",
       "      <td>Age</td>\n",
       "      <td>41</td>\n",
       "      <td>15</td>\n",
       "      <td>33</td>\n",
       "      <td>0.013501</td>\n",
       "      <td>0.015370</td>\n",
       "      <td>-0.129646</td>\n",
       "    </tr>\n",
       "    <tr>\n",
       "      <th>20</th>\n",
       "      <td>EXPERIENCEINCURRENTDOMAIN_BIN</td>\n",
       "      <td>(-0.001, 1.0]</td>\n",
       "      <td>219</td>\n",
       "      <td>408</td>\n",
       "      <td>0.197120</td>\n",
       "      <td>0.190033</td>\n",
       "      <td>0.036616</td>\n",
       "    </tr>\n",
       "    <tr>\n",
       "      <th>21</th>\n",
       "      <td>EXPERIENCEINCURRENTDOMAIN_BIN</td>\n",
       "      <td>(1.0, 2.0]</td>\n",
       "      <td>281</td>\n",
       "      <td>517</td>\n",
       "      <td>0.252925</td>\n",
       "      <td>0.240801</td>\n",
       "      <td>0.049123</td>\n",
       "    </tr>\n",
       "    <tr>\n",
       "      <th>22</th>\n",
       "      <td>EXPERIENCEINCURRENTDOMAIN_BIN</td>\n",
       "      <td>(2.0, 3.0]</td>\n",
       "      <td>192</td>\n",
       "      <td>337</td>\n",
       "      <td>0.172817</td>\n",
       "      <td>0.156963</td>\n",
       "      <td>0.096223</td>\n",
       "    </tr>\n",
       "    <tr>\n",
       "      <th>23</th>\n",
       "      <td>EXPERIENCEINCURRENTDOMAIN_BIN</td>\n",
       "      <td>(3.0, 4.0]</td>\n",
       "      <td>214</td>\n",
       "      <td>424</td>\n",
       "      <td>0.192619</td>\n",
       "      <td>0.197485</td>\n",
       "      <td>-0.024946</td>\n",
       "    </tr>\n",
       "    <tr>\n",
       "      <th>24</th>\n",
       "      <td>EXPERIENCEINCURRENTDOMAIN_BIN</td>\n",
       "      <td>(4.0, 5.0]</td>\n",
       "      <td>201</td>\n",
       "      <td>452</td>\n",
       "      <td>0.180918</td>\n",
       "      <td>0.210526</td>\n",
       "      <td>-0.151566</td>\n",
       "    </tr>\n",
       "    <tr>\n",
       "      <th>25</th>\n",
       "      <td>EXPERIENCEINCURRENTDOMAIN_BIN</td>\n",
       "      <td>(5.0, 7.0]</td>\n",
       "      <td>4</td>\n",
       "      <td>9</td>\n",
       "      <td>0.003600</td>\n",
       "      <td>0.004192</td>\n",
       "      <td>-0.152119</td>\n",
       "    </tr>\n",
       "    <tr>\n",
       "      <th>26</th>\n",
       "      <td>Education</td>\n",
       "      <td>Bachelors</td>\n",
       "      <td>769</td>\n",
       "      <td>1729</td>\n",
       "      <td>0.692169</td>\n",
       "      <td>0.805310</td>\n",
       "      <td>-0.151397</td>\n",
       "    </tr>\n",
       "    <tr>\n",
       "      <th>27</th>\n",
       "      <td>Education</td>\n",
       "      <td>Masters</td>\n",
       "      <td>310</td>\n",
       "      <td>321</td>\n",
       "      <td>0.279028</td>\n",
       "      <td>0.149511</td>\n",
       "      <td>0.623942</td>\n",
       "    </tr>\n",
       "    <tr>\n",
       "      <th>28</th>\n",
       "      <td>Education</td>\n",
       "      <td>PHD</td>\n",
       "      <td>32</td>\n",
       "      <td>97</td>\n",
       "      <td>0.028803</td>\n",
       "      <td>0.045179</td>\n",
       "      <td>-0.450164</td>\n",
       "    </tr>\n",
       "    <tr>\n",
       "      <th>29</th>\n",
       "      <td>EverBenched</td>\n",
       "      <td>No</td>\n",
       "      <td>957</td>\n",
       "      <td>1964</td>\n",
       "      <td>0.861386</td>\n",
       "      <td>0.914765</td>\n",
       "      <td>-0.060124</td>\n",
       "    </tr>\n",
       "    <tr>\n",
       "      <th>30</th>\n",
       "      <td>EverBenched</td>\n",
       "      <td>Yes</td>\n",
       "      <td>154</td>\n",
       "      <td>183</td>\n",
       "      <td>0.138614</td>\n",
       "      <td>0.085235</td>\n",
       "      <td>0.486277</td>\n",
       "    </tr>\n",
       "    <tr>\n",
       "      <th>31</th>\n",
       "      <td>Gender</td>\n",
       "      <td>Female</td>\n",
       "      <td>607</td>\n",
       "      <td>697</td>\n",
       "      <td>0.546355</td>\n",
       "      <td>0.324639</td>\n",
       "      <td>0.520554</td>\n",
       "    </tr>\n",
       "    <tr>\n",
       "      <th>32</th>\n",
       "      <td>Gender</td>\n",
       "      <td>Male</td>\n",
       "      <td>504</td>\n",
       "      <td>1450</td>\n",
       "      <td>0.453645</td>\n",
       "      <td>0.675361</td>\n",
       "      <td>-0.397932</td>\n",
       "    </tr>\n",
       "    <tr>\n",
       "      <th>33</th>\n",
       "      <td>JOININGYEAR_BIN</td>\n",
       "      <td>(2011.999, 2013.0]</td>\n",
       "      <td>243</td>\n",
       "      <td>597</td>\n",
       "      <td>0.218722</td>\n",
       "      <td>0.278062</td>\n",
       "      <td>-0.240045</td>\n",
       "    </tr>\n",
       "    <tr>\n",
       "      <th>34</th>\n",
       "      <td>JOININGYEAR_BIN</td>\n",
       "      <td>(2013.0, 2014.0]</td>\n",
       "      <td>111</td>\n",
       "      <td>374</td>\n",
       "      <td>0.099910</td>\n",
       "      <td>0.174197</td>\n",
       "      <td>-0.555915</td>\n",
       "    </tr>\n",
       "    <tr>\n",
       "      <th>35</th>\n",
