{
 "cells": [
  {
   "cell_type": "code",
   "execution_count": 26,
   "id": "4ec6f169",
   "metadata": {},
   "outputs": [
    {
     "data": {
      "text/html": [
       "<div>\n",
       "<style scoped>\n",
       "    .dataframe tbody tr th:only-of-type {\n",
       "        vertical-align: middle;\n",
       "    }\n",
       "\n",
       "    .dataframe tbody tr th {\n",
       "        vertical-align: top;\n",
       "    }\n",
       "\n",
       "    .dataframe thead th {\n",
       "        text-align: right;\n",
       "    }\n",
       "</style>\n",
       "<table border=\"1\" class=\"dataframe\">\n",
       "  <thead>\n",
       "    <tr style=\"text-align: right;\">\n",
       "      <th></th>\n",
       "      <th>Education</th>\n",
       "      <th>JoiningYear</th>\n",
       "      <th>City</th>\n",
       "      <th>PaymentTier</th>\n",
       "      <th>Age</th>\n",
       "      <th>Gender</th>\n",
       "      <th>EverBenched</th>\n",
       "      <th>ExperienceInCurrentDomain</th>\n",
       "      <th>LeaveOrNot</th>\n",
       "      <th>JOININGYEAR_BIN</th>\n",
       "      <th>AGE_BIN</th>\n",
       "      <th>EXPERIENCEINCURRENTDOMAIN_BIN</th>\n",
       "    </tr>\n",
       "  </thead>\n",
       "  <tbody>\n",
       "    <tr>\n",
       "      <th>1</th>\n",
       "      <td>Bachelors</td>\n",
       "      <td>2013</td>\n",
       "      <td>C</td>\n",
       "      <td>1</td>\n",
       "      <td>28</td>\n",
       "      <td>Female</td>\n",
       "      <td>No</td>\n",
       "      <td>3</td>\n",
       "      <td>1</td>\n",
       "      <td>(2011.999, 2013.0]</td>\n",
       "      <td>(27.0, 28.0]</td>\n",
       "      <td>(2.0, 3.0]</td>\n",
       "    </tr>\n",
       "    <tr>\n",
       "      <th>2</th>\n",
       "      <td>Bachelors</td>\n",
       "      <td>2014</td>\n",
       "      <td>B</td>\n",
       "      <td>3</td>\n",
       "      <td>38</td>\n",
       "      <td>Female</td>\n",
       "      <td>No</td>\n",
       "      <td>2</td>\n",
       "      <td>0</td>\n",
       "      <td>(2013.0, 2014.0]</td>\n",
       "      <td>(34.0, 38.0]</td>\n",
       "      <td>(1.0, 2.0]</td>\n",
       "    </tr>\n",
       "    <tr>\n",
       "      <th>3</th>\n",
       "      <td>Masters</td>\n",
       "      <td>2016</td>\n",
       "      <td>A</td>\n",
       "      <td>3</td>\n",
       "      <td>27</td>\n",
       "      <td>Male</td>\n",
       "      <td>No</td>\n",
       "      <td>5</td>\n",
       "      <td>1</td>\n",
       "      <td>(2015.0, 2016.0]</td>\n",
       "      <td>(26.0, 27.0]</td>\n",
       "      <td>(4.0, 5.0]</td>\n",
       "    </tr>\n",
       "    <tr>\n",
       "      <th>5</th>\n",
       "      <td>Bachelors</td>\n",
       "      <td>2016</td>\n",
       "      <td>A</td>\n",
       "      <td>3</td>\n",
       "      <td>22</td>\n",
       "      <td>Male</td>\n",
       "      <td>No</td>\n",
       "      <td>0</td>\n",
       "      <td>0</td>\n",
       "      <td>(2015.0, 2016.0]</td>\n",
       "      <td>(21.999, 24.7]</td>\n",
       "      <td>(-0.001, 1.0]</td>\n",
       "    </tr>\n",
       "    <tr>\n",
       "      <th>6</th>\n",
       "      <td>Bachelors</td>\n",
       "      <td>2015</td>\n",
       "      <td>B</td>\n",
       "      <td>3</td>\n",
       "      <td>38</td>\n",
       "      <td>Male</td>\n",
       "      <td>No</td>\n",
       "      <td>0</td>\n",
       "      <td>0</td>\n",
       "      <td>(2014.0, 2015.0]</td>\n",
       "      <td>(34.0, 38.0]</td>\n",
       "      <td>(-0.001, 1.0]</td>\n",
       "    </tr>\n",
       "    <tr>\n",
       "      <th>...</th>\n",
       "      <td>...</td>\n",
       "      <td>...</td>\n",
       "      <td>...</td>\n",
       "      <td>...</td>\n",
       "      <td>...</td>\n",
       "      <td>...</td>\n",
       "      <td>...</td>\n",
       "      <td>...</td>\n",
       "      <td>...</td>\n",
       "      <td>...</td>\n",
       "      <td>...</td>\n",
       "      <td>...</td>\n",
       "    </tr>\n",
       "    <tr>\n",
       "      <th>4647</th>\n",
       "      <td>Bachelors</td>\n",
       "      <td>2016</td>\n",
       "      <td>C</td>\n",
       "      <td>3</td>\n",
       "      <td>30</td>\n",
       "      <td>Male</td>\n",
       "      <td>No</td>\n",
       "      <td>2</td>\n",
       "      <td>0</td>\n",
       "      <td>(2015.0, 2016.0]</td>\n",
       "      <td>(28.0, 31.0]</td>\n",
       "      <td>(1.0, 2.0]</td>\n",
       "    </tr>\n",
       "    <tr>\n",
       "      <th>4648</th>\n",
       "      <td>Bachelors</td>\n",
       "      <td>2013</td>\n",
       "      <td>A</td>\n",
       "      <td>3</td>\n",
       "      <td>26</td>\n",
       "      <td>Female</td>\n",
       "      <td>No</td>\n",
       "      <td>4</td>\n",
       "      <td>0</td>\n",
       "      <td>(2011.999, 2013.0]</td>\n",
       "      <td>(24.7, 26.0]</td>\n",
       "      <td>(3.0, 4.0]</td>\n",
       "    </tr>\n",
       "    <tr>\n",
       "      <th>4649</th>\n",
       "      <td>Masters</td>\n",
       "      <td>2013</td>\n",
       "      <td>C</td>\n",
       "      <td>2</td>\n",
       "      <td>37</td>\n",
       "      <td>Male</td>\n",
       "      <td>No</td>\n",
       "      <td>2</td>\n",
       "      <td>1</td>\n",
       "      <td>(2011.999, 2013.0]</td>\n",
       "      <td>(34.0, 38.0]</td>\n",
       "      <td>(1.0, 2.0]</td>\n",
       "    </tr>\n",
       "    <tr>\n",
       "      <th>4650</th>\n",
       "      <td>Masters</td>\n",
       "      <td>2018</td>\n",
       "      <td>B</td>\n",
       "      <td>3</td>\n",
       "      <td>27</td>\n",
       "      <td>Male</td>\n",
       "      <td>No</td>\n",
       "      <td>5</td>\n",
       "      <td>1</td>\n",
       "      <td>(2017.0, 2018.0]</td>\n",
       "      <td>(26.0, 27.0]</td>\n",
       "      <td>(4.0, 5.0]</td>\n",
       "    </tr>\n",
       "    <tr>\n",
       "      <th>4651</th>\n",
       "      <td>Bachelors</td>\n",
       "      <td>2012</td>\n",
       "      <td>A</td>\n",
       "      <td>3</td>\n",
       "      <td>30</td>\n",
       "      <td>Male</td>\n",
       "      <td>Yes</td>\n",
       "      <td>2</td>\n",
       "      <td>0</td>\n",
       "      <td>(2011.999, 2013.0]</td>\n",
       "      <td>(28.0, 31.0]</td>\n",
       "      <td>(1.0, 2.0]</td>\n",
       "    </tr>\n",
       "  </tbody>\n",
       "</table>\n",
       "<p>3258 rows × 12 columns</p>\n",
       "</div>"
      ],
      "text/plain": [
       "      Education  JoiningYear City  PaymentTier  Age  Gender EverBenched  \\\n",
       "1     Bachelors         2013    C            1   28  Female          No   \n",
       "2     Bachelors         2014    B            3   38  Female          No   \n",
       "3       Masters         2016    A            3   27    Male          No   \n",
       "5     Bachelors         2016    A            3   22    Male          No   \n",
       "6     Bachelors         2015    B            3   38    Male          No   \n",
       "...         ...          ...  ...          ...  ...     ...         ...   \n",
       "4647  Bachelors         2016    C            3   30    Male          No   \n",
       "4648  Bachelors         2013    A            3   26  Female          No   \n",
       "4649    Masters         2013    C            2   37    Male          No   \n",
       "4650    Masters         2018    B            3   27    Male          No   \n",
       "4651  Bachelors         2012    A            3   30    Male         Yes   \n",
       "\n",
       "      ExperienceInCurrentDomain  LeaveOrNot     JOININGYEAR_BIN  \\\n",
       "1                             3           1  (2011.999, 2013.0]   \n",
       "2                             2           0    (2013.0, 2014.0]   \n",
       "3                             5           1    (2015.0, 2016.0]   \n",
       "5                             0           0    (2015.0, 2016.0]   \n",
       "6                             0           0    (2014.0, 2015.0]   \n",
       "...                         ...         ...                 ...   \n",
       "4647                          2           0    (2015.0, 2016.0]   \n",
       "4648                          4           0  (2011.999, 2013.0]   \n",
       "4649                          2           1  (2011.999, 2013.0]   \n",
       "4650                          5           1    (2017.0, 2018.0]   \n",
       "4651                          2           0  (2011.999, 2013.0]   \n",
       "\n",
       "             AGE_BIN EXPERIENCEINCURRENTDOMAIN_BIN  \n",
       "1       (27.0, 28.0]                    (2.0, 3.0]  \n",
       "2       (34.0, 38.0]                    (1.0, 2.0]  \n",
       "3       (26.0, 27.0]                    (4.0, 5.0]  \n",
       "5     (21.999, 24.7]                 (-0.001, 1.0]  \n",
       "6       (34.0, 38.0]                 (-0.001, 1.0]  \n",
       "...              ...                           ...  \n",
       "4647    (28.0, 31.0]                    (1.0, 2.0]  \n",
       "4648    (24.7, 26.0]                    (3.0, 4.0]  \n",
       "4649    (34.0, 38.0]                    (1.0, 2.0]  \n",
       "4650    (26.0, 27.0]                    (4.0, 5.0]  \n",
       "4651    (28.0, 31.0]                    (1.0, 2.0]  \n",
       "\n",
       "[3258 rows x 12 columns]"
      ]
     },
     "execution_count": 26,
     "metadata": {},
     "output_type": "execute_result"
    }
   ],
   "source": [
    "import pandas as pd\n",
    "import numpy as np\n",
    "import seaborn as sb\n",
    "\n",
    "data = pd.read_pickle('Binning.pickle')\n",
    "\n",
    "data\n"
   ]
  },
  {
   "cell_type": "code",
   "execution_count": 27,
   "id": "7a787c6e",
   "metadata": {
    "scrolled": true
   },
   "outputs": [
    {
     "name": "stdout",
     "output_type": "stream",
     "text": [
      "WOE Education -> {'PHD': -0.4709699310516477, 'Masters': 0.6615439092921434, 'Bachelors': -0.15886505087872912}\n",
      "WOE PaymentTier -> {1: 0.04773347096871903, 2: 1.004973626480855, 3: -0.30473556270485164}\n",
      "WOE AGE_BIN -> {Interval(34.0, 38.0, closed='right'): -0.1291464255764391, Interval(31.0, 34.0, closed='right'): -0.11257233380146908, Interval(28.0, 31.0, closed='right'): -0.13338596557774418, Interval(38.0, 41.0, closed='right'): -0.13295576552808946, Interval(26.0, 27.0, closed='right'): 0.13805988865422922, Interval(24.7, 26.0, closed='right'): 0.1486152353293741, Interval(21.999, 24.7, closed='right'): 0.21242617102624228, Interval(27.0, 28.0, closed='right'): -0.1931889295825783}\n",
      "WOE Gender -> {'Male': -0.3859132160750363, 'Female': 0.5076309567927609}\n",
      "WOE EverBenched -> {'No': -0.06996982236309017, 'Yes': 0.5458079572574848}\n",
      "WOE JOININGYEAR_BIN -> {Interval(2011.999, 2013.0, closed='right'): -0.21810019947223716, Interval(2013.0, 2014.0, closed='right'): -0.5272194763702639, Interval(2014.0, 2015.0, closed='right'): 0.2312328025974483, Interval(2017.0, 2018.0, closed='right'): 4.612787627873571, Interval(2015.0, 2016.0, closed='right'): -0.7115052250777265, Interval(2016.0, 2017.0, closed='right'): -0.35005700238633647}\n",
      "WOE EXPERIENCEINCURRENTDOMAIN_BIN -> {Interval(2.0, 3.0, closed='right'): 0.2128851919427044, Interval(-0.001, 1.0, closed='right'): -0.055357357275908896, Interval(3.0, 4.0, closed='right'): -0.12867711995962344, Interval(1.0, 2.0, closed='right'): 0.09524600962633477, Interval(4.0, 5.0, closed='right'): -0.11670928089788508, Interval(5.0, 7.0, closed='right'): -0.8425334874841307}\n"
     ]
    },
    {
     "data": {
      "text/html": [
       "<div>\n",
       "<style scoped>\n",
       "    .dataframe tbody tr th:only-of-type {\n",
       "        vertical-align: middle;\n",
       "    }\n",
       "\n",
       "    .dataframe tbody tr th {\n",
       "        vertical-align: top;\n",
       "    }\n",
       "\n",
       "    .dataframe thead th {\n",
       "        text-align: right;\n",
       "    }\n",
       "</style>\n",
       "<table border=\"1\" class=\"dataframe\">\n",
       "  <thead>\n",
       "    <tr style=\"text-align: right;\">\n",
       "      <th></th>\n",
       "      <th>LeaveOrNot</th>\n",
       "      <th>Education_WOE</th>\n",
       "      <th>PaymentTier_WOE</th>\n",
       "      <th>AGE_BIN_WOE</th>\n",
       "      <th>Gender_WOE</th>\n",
       "      <th>EverBenched_WOE</th>\n",
       "      <th>JOININGYEAR_BIN_WOE</th>\n",
       "      <th>EXPERIENCEINCURRENTDOMAIN_BIN_WOE</th>\n",
       "    </tr>\n",
       "  </thead>\n",
       "  <tbody>\n",
       "    <tr>\n",
       "      <th>1</th>\n",
       "      <td>1</td>\n",
       "      <td>-0.158865</td>\n",
       "      <td>0.047733</td>\n",
       "      <td>-0.193189</td>\n",
       "      <td>0.507631</td>\n",
       "      <td>-0.069970</td>\n",
       "      <td>-0.218100</td>\n",
       "      <td>0.212885</td>\n",
       "    </tr>\n",
       "    <tr>\n",
       "      <th>2</th>\n",
       "      <td>0</td>\n",
       "      <td>-0.158865</td>\n",
       "      <td>-0.304736</td>\n",
       "      <td>-0.129146</td>\n",
       "      <td>0.507631</td>\n",
       "      <td>-0.069970</td>\n",
       "      <td>-0.527219</td>\n",
       "      <td>0.095246</td>\n",
       "    </tr>\n",
       "    <tr>\n",
       "      <th>3</th>\n",
       "      <td>1</td>\n",
       "      <td>0.661544</td>\n",
       "      <td>-0.304736</td>\n",
       "      <td>0.138060</td>\n",
       "      <td>-0.385913</td>\n",
       "      <td>-0.069970</td>\n",
       "      <td>-0.711505</td>\n",
       "      <td>-0.116709</td>\n",
       "    </tr>\n",
       "    <tr>\n",
       "      <th>5</th>\n",
       "      <td>0</td>\n",
       "      <td>-0.158865</td>\n",
       "      <td>-0.304736</td>\n",
       "      <td>0.212426</td>\n",
       "      <td>-0.385913</td>\n",
       "      <td>-0.069970</td>\n",
       "      <td>-0.711505</td>\n",
       "      <td>-0.055357</td>\n",
       "    </tr>\n",
       "    <tr>\n",
       "      <th>6</th>\n",
       "      <td>0</td>\n",
       "      <td>-0.158865</td>\n",
       "      <td>-0.304736</td>\n",
       "      <td>-0.129146</td>\n",
       "      <td>-0.385913</td>\n",
       "      <td>-0.069970</td>\n",
       "      <td>0.231233</td>\n",
       "      <td>-0.055357</td>\n",
       "    </tr>\n",
       "    <tr>\n",
       "      <th>...</th>\n",
       "      <td>...</td>\n",
       "      <td>...</td>\n",
       "      <td>...</td>\n",
       "      <td>...</td>\n",
       "      <td>...</td>\n",
       "      <td>...</td>\n",
       "      <td>...</td>\n",
       "      <td>...</td>\n",
       "    </tr>\n",
       "    <tr>\n",
       "      <th>4647</th>\n",
       "      <td>0</td>\n",
       "      <td>-0.158865</td>\n",
       "      <td>-0.304736</td>\n",
       "      <td>-0.133386</td>\n",
       "      <td>-0.385913</td>\n",
       "      <td>-0.069970</td>\n",
       "      <td>-0.711505</td>\n",
       "      <td>0.095246</td>\n",
       "    </tr>\n",
       "    <tr>\n",
       "      <th>4648</th>\n",
       "      <td>0</td>\n",
       "      <td>-0.158865</td>\n",
       "      <td>-0.304736</td>\n",
       "      <td>0.148615</td>\n",
       "      <td>0.507631</td>\n",
       "      <td>-0.069970</td>\n",
       "      <td>-0.218100</td>\n",
       "      <td>-0.128677</td>\n",
       "    </tr>\n",
       "    <tr>\n",
       "      <th>4649</th>\n",
       "      <td>1</td>\n",
       "      <td>0.661544</td>\n",
       "      <td>1.004974</td>\n",
       "      <td>-0.129146</td>\n",
       "      <td>-0.385913</td>\n",
       "      <td>-0.069970</td>\n",
       "      <td>-0.218100</td>\n",
       "      <td>0.095246</td>\n",
       "    </tr>\n",
       "    <tr>\n",
       "      <th>4650</th>\n",
       "      <td>1</td>\n",
       "      <td>0.661544</td>\n",
       "      <td>-0.304736</td>\n",
       "      <td>0.138060</td>\n",
       "      <td>-0.385913</td>\n",
       "      <td>-0.069970</td>\n",
       "      <td>4.612788</td>\n",
       "      <td>-0.116709</td>\n",
       "    </tr>\n",
       "    <tr>\n",
       "      <th>4651</th>\n",
       "      <td>0</td>\n",
       "      <td>-0.158865</td>\n",
       "      <td>-0.304736</td>\n",
       "      <td>-0.133386</td>\n",
       "      <td>-0.385913</td>\n",
       "      <td>0.545808</td>\n",
       "      <td>-0.218100</td>\n",
       "      <td>0.095246</td>\n",
       "    </tr>\n",
       "  </tbody>\n",
       "</table>\n",
       "<p>3258 rows × 8 columns</p>\n",
       "</div>"
      ],
      "text/plain": [
       "      LeaveOrNot  Education_WOE  PaymentTier_WOE  AGE_BIN_WOE  Gender_WOE  \\\n",
       "1              1      -0.158865         0.047733    -0.193189    0.507631   \n",
       "2              0      -0.158865        -0.304736    -0.129146    0.507631   \n",
       "3              1       0.661544        -0.304736     0.138060   -0.385913   \n",
       "5              0      -0.158865        -0.304736     0.212426   -0.385913   \n",
       "6              0      -0.158865        -0.304736    -0.129146   -0.385913   \n",
       "...          ...            ...              ...          ...         ...   \n",
       "4647           0      -0.158865        -0.304736    -0.133386   -0.385913   \n",
       "4648           0      -0.158865        -0.304736     0.148615    0.507631   \n",
       "4649           1       0.661544         1.004974    -0.129146   -0.385913   \n",
       "4650           1       0.661544        -0.304736     0.138060   -0.385913   \n",
       "4651           0      -0.158865        -0.304736    -0.133386   -0.385913   \n",
       "\n",
       "      EverBenched_WOE  JOININGYEAR_BIN_WOE  EXPERIENCEINCURRENTDOMAIN_BIN_WOE  \n",
       "1           -0.069970            -0.218100                           0.212885  \n",
       "2           -0.069970            -0.527219                           0.095246  \n",
       "3           -0.069970            -0.711505                          -0.116709  \n",
       "5           -0.069970            -0.711505                          -0.055357  \n",
       "6           -0.069970             0.231233                          -0.055357  \n",
       "...               ...                  ...                                ...  \n",
       "4647        -0.069970            -0.711505                           0.095246  \n",
       "4648        -0.069970            -0.218100                          -0.128677  \n",
       "4649        -0.069970            -0.218100                           0.095246  \n",
       "4650        -0.069970             4.612788                          -0.116709  \n",
       "4651         0.545808            -0.218100                           0.095246  \n",
       "\n",
       "[3258 rows x 8 columns]"
      ]
     },
     "execution_count": 27,
     "metadata": {},
     "output_type": "execute_result"
    }
   ],
   "source": [
    "def num_event(event, dataframe ,field, val):\n",
    "    if event == 'good':\n",
    "        event = 1\n",
    "    else:\n",
    "        event = 0\n",
    "    cond_main = dataframe[field] == val\n",
    "    cond_event = dataframe['LeaveOrNot'] == event\n",
    "    n = len(dataframe[cond_main & cond_event].index)\n",
    "    return n\n",
    "\n",
    "\n",
    "def dist_event(event, dataframe ,field, val):\n",
    "    n = num_event(event, dataframe, field, val)\n",
    "    sumd = 0\n",
    "    all_elements = set(dataframe[field].to_numpy())\n",
    "    for a in all_elements:\n",
    "        s = num_event(event, dataframe, field, a)\n",
    "        sumd = sumd + s\n",
    "    return n/sumd\n",
    "\n",
    "def WOE(dataframe, field, val):\n",
    "    dg = dist_event('good', dataframe, field, val)\n",
    "    db = dist_event('bad', dataframe, field, val)\n",
    "    w = np.log(dg / db)\n",
    "    return w\n",
    "dt_train = pd.DataFrame()\n",
    "dt_train['LeaveOrNot'] = data['LeaveOrNot']\n",
    "ATTRS = ['Education', 'PaymentTier', 'AGE_BIN', 'Gender', 'EverBenched','JOININGYEAR_BIN','EXPERIENCEINCURRENTDOMAIN_BIN']\n",
    "\n",
    "\n",
    "NEW_WOE_ATTRS=[]\n",
    "for attr in ATTRS:\n",
    "    attr_element = set(data[attr].to_numpy())\n",
    "    attr_woe = dict()\n",
    "    for i in attr_element:\n",
    "        w = WOE(data, attr, i)\n",
    "        attr_woe[i] = w\n",
    "        NEW_WOE_ATTRS.append( attr_woe[i])\n",
    "    print(f'WOE {attr} -> {attr_woe}')\n",
    "    \n",
    "\n",
    "    lst = []\n",
    "    for s in data[attr]:\n",
    "        woe = attr_woe[s]\n",
    "        lst.append(woe)\n",
    "\n",
    "    new_field = attr + '_WOE'\n",
    "    dt_train[new_field] = lst\n",
    "\n",
    "\n",
    "dt_train\n",
    "\n"
   ]
  },
  {
   "cell_type": "code",
   "execution_count": 28,
   "id": "511661bb",
   "metadata": {},
   "outputs": [
    {
     "data": {
      "text/plain": [
       "array([[ 1.        , -0.15886505,  0.04773347, ..., -0.06996982,\n",
       "        -0.2181002 ,  0.21288519],\n",
       "       [ 1.        , -0.15886505, -0.30473556, ..., -0.06996982,\n",
       "        -0.52721948,  0.09524601],\n",
       "       [ 1.        ,  0.66154391, -0.30473556, ..., -0.06996982,\n",
       "        -0.71150523, -0.11670928],\n",
       "       ...,\n",
       "       [ 1.        ,  0.66154391,  1.00497363, ..., -0.06996982,\n",
       "        -0.2181002 ,  0.09524601],\n",
       "       [ 1.        ,  0.66154391, -0.30473556, ..., -0.06996982,\n",
       "         4.61278763, -0.11670928],\n",
       "       [ 1.        , -0.15886505, -0.30473556, ...,  0.54580796,\n",
       "        -0.2181002 ,  0.09524601]])"
      ]
     },
     "execution_count": 28,
     "metadata": {},
     "output_type": "execute_result"
    }
   ],
   "source": [
    "Y =  dt_train['LeaveOrNot'].to_numpy()\n",
    "x_1 = dt_train['Education_WOE'].to_numpy()\n",
    "x_2 = dt_train['PaymentTier_WOE'].to_numpy()\n",
    "x_3 = dt_train['AGE_BIN_WOE'].to_numpy()\n",
    "x_4 = dt_train['Gender_WOE'].to_numpy()\n",
    "x_5 = dt_train['EverBenched_WOE'].to_numpy()\n",
    "x_6 = dt_train['JOININGYEAR_BIN_WOE'].to_numpy()\n",
    "x_7 = dt_train['EXPERIENCEINCURRENTDOMAIN_BIN_WOE'].to_numpy()\n",
    "\n",
    "\n",
    "\n",
    "array_ones = np.ones(x_1.shape)\n",
    "\n",
    "X = np.array([array_ones, x_1,x_2,x_3,x_4,x_5,x_6,x_7])\n",
    "X = np.transpose(X)\n",
    "X\n"
   ]
  },
  {
   "cell_type": "code",
   "execution_count": 29,
   "id": "f2100ef4",
   "metadata": {},
   "outputs": [
    {
     "data": {
      "text/plain": [
       "array([[ 3.25800000e+03, -4.60692612e+01, -9.40900754e+01,\n",
       "        -1.22998623e+01, -9.39107449e+01, -1.49025695e+01,\n",
       "         3.78610528e+02, -9.84666665e+00],\n",
       "       [-4.60692612e+01,  3.61307507e+02,  1.49615389e+02,\n",
       "         3.67849163e+00,  7.69032584e+00,  8.18382190e-01,\n",
       "        -2.51915855e+00,  8.57380126e+00],\n",
       "       [-9.40900754e+01,  1.49615389e+02,  8.75198187e+02,\n",
       "         3.31709080e+00,  1.98046634e+02,  2.60727870e+00,\n",
       "        -2.24630977e+02,  6.01094554e+00],\n",
       "       [-1.22998623e+01,  3.67849163e+00,  3.31709080e+00,\n",
       "         7.76398190e+01, -4.03195279e-01, -4.98666574e-01,\n",
       "         1.26101908e+01, -4.39509775e+00],\n",
       "       [-9.39107449e+01,  7.69032584e+00,  1.98046634e+02,\n",
       "        -4.03195279e-01,  6.26816467e+02, -1.37108158e+00,\n",
       "        -2.49052800e+01,  2.27768910e+00],\n",
       "       [-1.49025695e+01,  8.18382190e-01,  2.60727870e+00,\n",
       "        -4.98666574e-01, -1.37108158e+00,  1.17332089e+02,\n",
       "         1.03753803e+02,  3.89943948e-01],\n",
       "       [ 3.78610528e+02, -2.51915855e+00, -2.24630977e+02,\n",
       "         1.26101908e+01, -2.49052800e+01,  1.03753803e+02,\n",
       "         6.12195081e+03,  1.26139687e+01],\n",
       "       [-9.84666665e+00,  8.57380126e+00,  6.01094554e+00,\n",
       "        -4.39509775e+00,  2.27768910e+00,  3.89943948e-01,\n",
       "         1.26139687e+01,  6.16161003e+01]])"
      ]
     },
     "execution_count": 29,
     "metadata": {},
     "output_type": "execute_result"
    }
   ],
   "source": [
    "np.matmul(np.transpose(X), X)\n"
   ]
  },
  {
   "cell_type": "code",
   "execution_count": 30,
   "id": "74377380",
   "metadata": {},
   "outputs": [
    {
     "data": {
      "text/plain": [
       "array([[ 3.11870623e-04,  3.15079979e-05,  1.29607822e-05,\n",
       "         5.40032622e-05,  4.14334834e-05,  5.71714312e-05,\n",
       "        -1.98140852e-05,  5.02052840e-05],\n",
       "       [ 3.15079979e-05,  3.00391182e-03, -5.43818347e-04,\n",
       "        -1.31116871e-04,  1.40215666e-04,  1.45212576e-05,\n",
       "        -1.93087198e-05, -3.70578041e-04],\n",
       "       [ 1.29607822e-05, -5.43818347e-04,  1.34368986e-03,\n",
       "        -4.28530383e-05, -4.14027297e-04, -7.17185362e-05,\n",
       "         4.80016716e-05, -5.04653627e-05],\n",
       "       [ 5.40032622e-05, -1.31116871e-04, -4.28530383e-05,\n",
       "         1.29574123e-02,  2.68893194e-05,  9.19408641e-05,\n",
       "        -3.50849920e-05,  9.60918757e-04],\n",
       "       [ 4.14334834e-05,  1.40215666e-04, -4.14027297e-04,\n",
       "         2.68893194e-05,  1.73044424e-03,  4.40008303e-05,\n",
       "        -1.13908999e-05, -3.24949198e-05],\n",
       "       [ 5.71714312e-05,  1.45212576e-05, -7.17185362e-05,\n",
       "         9.19408641e-05,  4.40008303e-05,  8.66784162e-03,\n",
       "        -1.53063617e-04, -4.47645943e-06],\n",
       "       [-1.98140852e-05, -1.93087198e-05,  4.80016716e-05,\n",
       "        -3.50849920e-05, -1.13908999e-05, -1.53063617e-04,\n",
       "         1.69029642e-04, -4.08788354e-05],\n",
       "       [ 5.02052840e-05, -3.70578041e-04, -5.04653627e-05,\n",
       "         9.60918757e-04, -3.24949198e-05, -4.47645943e-06,\n",
       "        -4.08788354e-05,  1.63721769e-02]])"
      ]
     },
     "execution_count": 30,
     "metadata": {},
     "output_type": "execute_result"
    }
   ],
   "source": [
    "np.linalg.inv(np.matmul(np.transpose(X), X))\n"
   ]
  },
  {
   "cell_type": "code",
   "execution_count": 31,
   "id": "5aede068",
   "metadata": {},
   "outputs": [
    {
     "data": {
      "text/plain": [
       "array([1109.        ,   69.0943947 ,  173.98487989,   13.24387004,\n",
       "        109.04229127,   22.77524508, 1010.64821561,   10.30638937])"
      ]
     },
     "execution_count": 31,
     "metadata": {},
     "output_type": "execute_result"
    }
   ],
   "source": [
    "np.matmul(np.transpose(X), Y)\n"
   ]
  },
  {
   "cell_type": "code",
   "execution_count": 32,
   "id": "9a00fd5a",
   "metadata": {},
   "outputs": [
    {
     "data": {
      "text/plain": [
       "array([0.3373242 , 0.13842969, 0.21122568, 0.19445175, 0.16180612,\n",
       "       0.10061673, 0.150259  , 0.1577975 ])"
      ]
     },
     "execution_count": 32,
     "metadata": {},
     "output_type": "execute_result"
    }
   ],
   "source": [
    "B = np.matmul(np.linalg.inv(np.matmul(np.transpose(X), X)), np.matmul(np.transpose(X), Y))\n",
    "B"
   ]
  },
  {
   "cell_type": "code",
   "execution_count": 33,
   "id": "01c77bf6",
   "metadata": {},
   "outputs": [
    {
     "name": "stdout",
     "output_type": "stream",
     "text": [
      "y = 0.337+ (0.138)x_1+ (0.211)x_2+ (0.194)x_3+ (0.162)x_4+ (0.101)x_5+ (0.150)x_6+ (0.158)x_7\n"
     ]
    }
   ],
   "source": [
    "def predict(x):\n",
    "    y = B[0] + B[1]*x+ B[2]*x+ B[3]*x+ B[4]*x+ B[5]*x \\\n",
    "    + B[6]*x+ B[7]*x\n",
    "    return y\n",
    "\n",
    "eq = f'y = {B[0]:.3f}'\n",
    "for i in range(1, len(B)):\n",
    "    eq = eq + f'+ ({B[i]:.3f})x_{i}'\n",
    "print(eq)"
   ]
  },
  {
   "cell_type": "code",
   "execution_count": 34,
   "id": "5d5c50f2",
   "metadata": {},
   "outputs": [
    {
     "data": {
      "text/html": [
       "<div>\n",
       "<style scoped>\n",
       "    .dataframe tbody tr th:only-of-type {\n",
       "        vertical-align: middle;\n",
       "    }\n",
       "\n",
       "    .dataframe tbody tr th {\n",
       "        vertical-align: top;\n",
       "    }\n",
       "\n",
       "    .dataframe thead th {\n",
       "        text-align: right;\n",
       "    }\n",
       "</style>\n",
       "<table border=\"1\" class=\"dataframe\">\n",
       "  <thead>\n",
       "    <tr style=\"text-align: right;\">\n",
       "      <th></th>\n",
       "      <th>ATTR</th>\n",
       "      <th>VAL</th>\n",
       "      <th>N_GOOD</th>\n",
       "      <th>N_BAD</th>\n",
       "      <th>DIST_GOOD</th>\n",
       "      <th>DIST_BAD</th>\n",
       "      <th>WOE</th>\n",
       "    </tr>\n",
       "  </thead>\n",
       "  <tbody>\n",
       "    <tr>\n",
       "      <th>0</th>\n",
       "      <td>AGE_BIN</td>\n",
       "      <td>(21.999, 24.7]</td>\n",
       "      <td>127</td>\n",
       "      <td>199</td>\n",
       "      <td>0.114518</td>\n",
       "      <td>0.092601</td>\n",
       "      <td>0.212426</td>\n",
       "    </tr>\n",
       "    <tr>\n",
       "      <th>1</th>\n",
       "      <td>AGE_BIN</td>\n",
       "      <td>(24.7, 26.0]</td>\n",
       "      <td>285</td>\n",
       "      <td>476</td>\n",
       "      <td>0.256988</td>\n",
       "      <td>0.221498</td>\n",
       "      <td>0.148615</td>\n",
       "    </tr>\n",
       "    <tr>\n",
       "      <th>2</th>\n",
       "      <td>AGE_BIN</td>\n",
       "      <td>(26.0, 27.0]</td>\n",
       "      <td>157</td>\n",
       "      <td>265</td>\n",
       "      <td>0.141569</td>\n",
       "      <td>0.123313</td>\n",
       "      <td>0.138060</td>\n",
       "    </tr>\n",
       "    <tr>\n",
       "      <th>3</th>\n",
       "      <td>AGE_BIN</td>\n",
       "      <td>(27.0, 28.0]</td>\n",
       "      <td>134</td>\n",
       "      <td>315</td>\n",
       "      <td>0.120830</td>\n",
       "      <td>0.146580</td>\n",
       "      <td>-0.193189</td>\n",
       "    </tr>\n",
       "    <tr>\n",
       "      <th>4</th>\n",
       "      <td>AGE_BIN</td>\n",
       "      <td>(28.0, 31.0]</td>\n",
       "      <td>126</td>\n",
       "      <td>279</td>\n",
       "      <td>0.113616</td>\n",
       "      <td>0.129828</td>\n",
       "      <td>-0.133386</td>\n",
       "    </tr>\n",
       "    <tr>\n",
       "      <th>5</th>\n",
       "      <td>AGE_BIN</td>\n",
       "      <td>(31.0, 34.0]</td>\n",
       "      <td>83</td>\n",
       "      <td>180</td>\n",
       "      <td>0.074842</td>\n",
       "      <td>0.083760</td>\n",
       "      <td>-0.112572</td>\n",
       "    </tr>\n",
       "    <tr>\n",
       "      <th>6</th>\n",
       "      <td>AGE_BIN</td>\n",
       "      <td>(34.0, 38.0]</td>\n",
       "      <td>122</td>\n",
       "      <td>269</td>\n",
       "      <td>0.110009</td>\n",
       "      <td>0.125174</td>\n",
       "      <td>-0.129146</td>\n",
       "    </tr>\n",
       "    <tr>\n",
       "      <th>7</th>\n",
       "      <td>AGE_BIN</td>\n",
       "      <td>(38.0, 41.0]</td>\n",
       "      <td>75</td>\n",
       "      <td>166</td>\n",
       "      <td>0.067628</td>\n",
       "      <td>0.077245</td>\n",
       "      <td>-0.132956</td>\n",
       "    </tr>\n",
       "    <tr>\n",
       "      <th>8</th>\n",
       "      <td>EXPERIENCEINCURRENTDOMAIN_BIN</td>\n",
       "      <td>(-0.001, 1.0]</td>\n",
       "      <td>208</td>\n",
       "      <td>426</td>\n",
       "      <td>0.187556</td>\n",
       "      <td>0.198232</td>\n",
       "      <td>-0.055357</td>\n",
       "    </tr>\n",
       "    <tr>\n",
       "      <th>9</th>\n",
       "      <td>EXPERIENCEINCURRENTDOMAIN_BIN</td>\n",
       "      <td>(1.0, 2.0]</td>\n",
       "      <td>277</td>\n",
       "      <td>488</td>\n",
       "      <td>0.249775</td>\n",
       "      <td>0.227082</td>\n",
       "      <td>0.095246</td>\n",
       "    </tr>\n",
       "    <tr>\n",
       "      <th>10</th>\n",
       "      <td>EXPERIENCEINCURRENTDOMAIN_BIN</td>\n",
       "      <td>(2.0, 3.0]</td>\n",
       "      <td>219</td>\n",
       "      <td>343</td>\n",
       "      <td>0.197475</td>\n",
       "      <td>0.159609</td>\n",
       "      <td>0.212885</td>\n",
       "    </tr>\n",
       "    <tr>\n",
       "      <th>11</th>\n",
       "      <td>EXPERIENCEINCURRENTDOMAIN_BIN</td>\n",
       "      <td>(3.0, 4.0]</td>\n",
       "      <td>206</td>\n",
       "      <td>454</td>\n",
       "      <td>0.185753</td>\n",
       "      <td>0.211261</td>\n",
       "      <td>-0.128677</td>\n",
       "    </tr>\n",
       "    <tr>\n",
       "      <th>12</th>\n",
       "      <td>EXPERIENCEINCURRENTDOMAIN_BIN</td>\n",
       "      <td>(4.0, 5.0]</td>\n",
       "      <td>197</td>\n",
       "      <td>429</td>\n",
       "      <td>0.177638</td>\n",
       "      <td>0.199628</td>\n",
       "      <td>-0.116709</td>\n",
       "    </tr>\n",
       "    <tr>\n",
       "      <th>13</th>\n",
       "      <td>EXPERIENCEINCURRENTDOMAIN_BIN</td>\n",
       "      <td>(5.0, 7.0]</td>\n",
       "      <td>2</td>\n",
       "      <td>9</td>\n",
       "      <td>0.001803</td>\n",
       "      <td>0.004188</td>\n",
       "      <td>-0.842533</td>\n",
       "    </tr>\n",
       "    <tr>\n",
       "      <th>14</th>\n",
       "      <td>Education</td>\n",
       "      <td>Bachelors</td>\n",
       "      <td>770</td>\n",
       "      <td>1749</td>\n",
       "      <td>0.694319</td>\n",
       "      <td>0.813867</td>\n",
       "      <td>-0.158865</td>\n",
       "    </tr>\n",
       "    <tr>\n",
       "      <th>15</th>\n",
       "      <td>Education</td>\n",
       "      <td>Masters</td>\n",
       "      <td>310</td>\n",
       "      <td>310</td>\n",
       "      <td>0.279531</td>\n",
       "      <td>0.144253</td>\n",
       "      <td>0.661544</td>\n",
       "    </tr>\n",
       "    <tr>\n",
       "      <th>16</th>\n",
       "      <td>Education</td>\n",
       "      <td>PHD</td>\n",
       "      <td>29</td>\n",
       "      <td>90</td>\n",
       "      <td>0.026150</td>\n",
       "      <td>0.041880</td>\n",
       "      <td>-0.470970</td>\n",
       "    </tr>\n",
       "    <tr>\n",
       "      <th>17</th>\n",
       "      <td>EverBenched</td>\n",
       "      <td>No</td>\n",
       "      <td>946</td>\n",
       "      <td>1966</td>\n",
       "      <td>0.853021</td>\n",
       "      <td>0.914844</td>\n",
       "      <td>-0.069970</td>\n",
       "    </tr>\n",
       "    <tr>\n",
       "      <th>18</th>\n",
       "      <td>EverBenched</td>\n",
       "      <td>Yes</td>\n",
       "      <td>163</td>\n",
       "      <td>183</td>\n",
       "      <td>0.146979</td>\n",
       "      <td>0.085156</td>\n",
       "      <td>0.545808</td>\n",
       "    </tr>\n",
       "    <tr>\n",
       "      <th>19</th>\n",
       "      <td>Gender</td>\n",
       "      <td>Female</td>\n",
       "      <td>601</td>\n",
       "      <td>701</td>\n",
       "      <td>0.541930</td>\n",
       "      <td>0.326198</td>\n",
       "      <td>0.507631</td>\n",
       "    </tr>\n",
       "    <tr>\n",
       "      <th>20</th>\n",
       "      <td>Gender</td>\n",
       "      <td>Male</td>\n",
       "      <td>508</td>\n",
       "      <td>1448</td>\n",
       "      <td>0.458070</td>\n",
       "      <td>0.673802</td>\n",
       "      <td>-0.385913</td>\n",
       "    </tr>\n",
       "    <tr>\n",
       "      <th>21</th>\n",
       "      <td>JOININGYEAR_BIN</td>\n",
       "      <td>(2011.999, 2013.0]</td>\n",
       "      <td>239</td>\n",
       "      <td>576</td>\n",
       "      <td>0.215509</td>\n",
       "      <td>0.268032</td>\n",
       "      <td>-0.218100</td>\n",
       "    </tr>\n",
       "    <tr>\n",
       "      <th>22</th>\n",
       "      <td>JOININGYEAR_BIN</td>\n",
       "      <td>(2013.0, 2014.0]</td>\n",
       "      <td>106</td>\n",
       "      <td>348</td>\n",
       "      <td>0.095582</td>\n",
       "      <td>0.161936</td>\n",
       "      <td>-0.527219</td>\n",
       "    </tr>\n",
       "    <tr>\n",
       "      <th>23</th>\n",
       "      <td>JOININGYEAR_BIN</td>\n",
       "      <td>(2014.0, 2015.0]</td>\n",
       "      <td>212</td>\n",
       "      <td>326</td>\n",
       "      <td>0.191163</td>\n",
       "      <td>0.151698</td>\n",
       "      <td>0.231233</td>\n",
       "    </tr>\n",
       "    <tr>\n",
       "      <th>24</th>\n",
       "      <td>JOININGYEAR_BIN</td>\n",
       "      <td>(2015.0, 2016.0]</td>\n",
       "      <td>76</td>\n",
       "      <td>300</td>\n",
       "      <td>0.068530</td>\n",
       "      <td>0.139600</td>\n",
       "      <td>-0.711505</td>\n",
       "    </tr>\n",
       "    <tr>\n",
       "      <th>25</th>\n",
       "      <td>JOININGYEAR_BIN</td>\n",
       "      <td>(2016.0, 2017.0]</td>\n",
       "      <td>216</td>\n",
       "      <td>594</td>\n",
       "      <td>0.194770</td>\n",
       "      <td>0.276408</td>\n",
       "      <td>-0.350057</td>\n",
       "    </tr>\n",
       "    <tr>\n",
       "      <th>26</th>\n",
       "      <td>JOININGYEAR_BIN</td>\n",
       "      <td>(2017.0, 2018.0]</td>\n",
       "      <td>260</td>\n",
       "      <td>5</td>\n",
       "      <td>0.234445</td>\n",
       "      <td>0.002327</td>\n",
       "      <td>4.612788</td>\n",
       "    </tr>\n",
       "    <tr>\n",
       "      <th>27</th>\n",
       "      <td>PaymentTier</td>\n",
       "      <td>1</td>\n",
       "      <td>59</td>\n",
       "      <td>109</td>\n",
       "      <td>0.053201</td>\n",
       "      <td>0.050721</td>\n",
       "      <td>0.047733</td>\n",
       "    </tr>\n",
       "    <tr>\n",
       "      <th>28</th>\n",
       "      <td>PaymentTier</td>\n",
       "      <td>2</td>\n",
       "      <td>375</td>\n",
       "      <td>266</td>\n",
       "      <td>0.338142</td>\n",
       "      <td>0.123779</td>\n",
       "      <td>1.004974</td>\n",
       "    </tr>\n",
       "    <tr>\n",
       "      <th>29</th>\n",
       "      <td>PaymentTier</td>\n",
       "      <td>3</td>\n",
       "      <td>675</td>\n",
       "      <td>1774</td>\n",
       "      <td>0.608656</td>\n",
       "      <td>0.825500</td>\n",
       "      <td>-0.304736</td>\n",
       "    </tr>\n",
       "  </tbody>\n",
       "</table>\n",
       "</div>"
      ],
      "text/plain": [
       "                             ATTR                 VAL  N_GOOD  N_BAD  \\\n",
       "0                         AGE_BIN      (21.999, 24.7]     127    199   \n",
       "1                         AGE_BIN        (24.7, 26.0]     285    476   \n",
       "2                         AGE_BIN        (26.0, 27.0]     157    265   \n",
       "3                         AGE_BIN        (27.0, 28.0]     134    315   \n",
       "4                         AGE_BIN        (28.0, 31.0]     126    279   \n",
       "5                         AGE_BIN        (31.0, 34.0]      83    180   \n",
       "6                         AGE_BIN        (34.0, 38.0]     122    269   \n",
       "7                         AGE_BIN        (38.0, 41.0]      75    166   \n",
       "8   EXPERIENCEINCURRENTDOMAIN_BIN       (-0.001, 1.0]     208    426   \n",
       "9   EXPERIENCEINCURRENTDOMAIN_BIN          (1.0, 2.0]     277    488   \n",
       "10  EXPERIENCEINCURRENTDOMAIN_BIN          (2.0, 3.0]     219    343   \n",
       "11  EXPERIENCEINCURRENTDOMAIN_BIN          (3.0, 4.0]     206    454   \n",
