{
 "cells": [
  {
   "cell_type": "code",
   "execution_count": 89,
   "id": "f59254e2",
   "metadata": {},
   "outputs": [
    {
     "data": {
      "text/html": [
       "<div>\n",
       "<style scoped>\n",
       "    .dataframe tbody tr th:only-of-type {\n",
       "        vertical-align: middle;\n",
       "    }\n",
       "\n",
       "    .dataframe tbody tr th {\n",
       "        vertical-align: top;\n",
       "    }\n",
       "\n",
       "    .dataframe thead th {\n",
       "        text-align: right;\n",
       "    }\n",
       "</style>\n",
       "<table border=\"1\" class=\"dataframe\">\n",
       "  <thead>\n",
       "    <tr style=\"text-align: right;\">\n",
       "      <th></th>\n",
       "      <th>Gender</th>\n",
       "      <th>Married</th>\n",
       "      <th>Dependents</th>\n",
       "      <th>Education</th>\n",
       "      <th>Self_Employed</th>\n",
       "      <th>ApplicantIncome</th>\n",
       "      <th>CoapplicantIncome</th>\n",
       "      <th>LoanAmount</th>\n",
       "      <th>Loan_Amount_Term</th>\n",
       "      <th>Credit_History</th>\n",
       "      <th>Property_Area</th>\n",
       "      <th>Loan_Status</th>\n",
       "      <th>APPLICANTINCOME_BIN</th>\n",
       "      <th>COAPPLICANTINCOME_BIN</th>\n",
       "      <th>LOANAMOUNT_BIN</th>\n",
       "      <th>LOAN_AMOUNT_TERM_BIN</th>\n",
       "    </tr>\n",
       "  </thead>\n",
       "  <tbody>\n",
       "    <tr>\n",
       "      <th>2</th>\n",
       "      <td>1</td>\n",
       "      <td>2</td>\n",
       "      <td>0</td>\n",
       "      <td>1</td>\n",
       "      <td>0</td>\n",
       "      <td>3000</td>\n",
       "      <td>0.0</td>\n",
       "      <td>66.0</td>\n",
       "      <td>360.0</td>\n",
       "      <td>1.0</td>\n",
       "      <td>1</td>\n",
       "      <td>1</td>\n",
       "      <td>(2589.8, 3031.3]</td>\n",
       "      <td>(-0.001, 1040.5]</td>\n",
       "      <td>(16.999, 74.7]</td>\n",
       "      <td>(300.0, 360.0]</td>\n",
       "    </tr>\n",
       "    <tr>\n",
       "      <th>3</th>\n",
       "      <td>1</td>\n",
       "      <td>2</td>\n",
       "      <td>0</td>\n",
       "      <td>0</td>\n",
       "      <td>1</td>\n",
       "      <td>2583</td>\n",
       "      <td>2358.0</td>\n",
       "      <td>120.0</td>\n",
       "      <td>360.0</td>\n",
       "      <td>1.0</td>\n",
       "      <td>1</td>\n",
       "      <td>1</td>\n",
       "      <td>(2232.2, 2589.8]</td>\n",
       "      <td>(2083.0, 2500.0]</td>\n",
       "      <td>(110.1, 120.0]</td>\n",
       "      <td>(300.0, 360.0]</td>\n",
       "    </tr>\n",
       "    <tr>\n",
       "      <th>4</th>\n",
       "      <td>1</td>\n",
       "      <td>1</td>\n",
       "      <td>0</td>\n",
       "      <td>1</td>\n",
       "      <td>1</td>\n",
       "      <td>6000</td>\n",
       "      <td>0.0</td>\n",
       "      <td>141.0</td>\n",
       "      <td>360.0</td>\n",
       "      <td>1.0</td>\n",
       "      <td>1</td>\n",
       "      <td>1</td>\n",
       "      <td>(5417.0, 6460.0]</td>\n",
       "      <td>(-0.001, 1040.5]</td>\n",
       "      <td>(138.2, 158.0]</td>\n",
       "      <td>(300.0, 360.0]</td>\n",
       "    </tr>\n",
       "    <tr>\n",
       "      <th>5</th>\n",
       "      <td>1</td>\n",
       "      <td>2</td>\n",
       "      <td>1</td>\n",
       "      <td>1</td>\n",
       "      <td>0</td>\n",
       "      <td>5417</td>\n",
       "      <td>4196.0</td>\n",
       "      <td>267.0</td>\n",
       "      <td>360.0</td>\n",
       "      <td>1.0</td>\n",
       "      <td>1</td>\n",
       "      <td>1</td>\n",
       "      <td>(4435.8, 5417.0]</td>\n",
       "      <td>(3831.2, 20000.0]</td>\n",
       "      <td>(235.5, 700.0]</td>\n",
       "      <td>(300.0, 360.0]</td>\n",
       "    </tr>\n",
       "    <tr>\n",
       "      <th>6</th>\n",
       "      <td>1</td>\n",
       "      <td>2</td>\n",
       "      <td>0</td>\n",
       "      <td>0</td>\n",
       "      <td>1</td>\n",
       "      <td>2333</td>\n",
       "      <td>1516.0</td>\n",
       "      <td>95.0</td>\n",
       "      <td>360.0</td>\n",
       "      <td>1.0</td>\n",
       "      <td>1</td>\n",
       "      <td>1</td>\n",
       "      <td>(2232.2, 2589.8]</td>\n",
       "      <td>(1040.5, 1702.0]</td>\n",
       "      <td>(74.7, 96.0]</td>\n",
       "      <td>(300.0, 360.0]</td>\n",
       "    </tr>\n",
       "    <tr>\n",
       "      <th>...</th>\n",
       "      <td>...</td>\n",
       "      <td>...</td>\n",
       "      <td>...</td>\n",
       "      <td>...</td>\n",
       "      <td>...</td>\n",
       "      <td>...</td>\n",
       "      <td>...</td>\n",
       "      <td>...</td>\n",
       "      <td>...</td>\n",
       "      <td>...</td>\n",
       "      <td>...</td>\n",
       "      <td>...</td>\n",
       "      <td>...</td>\n",
       "      <td>...</td>\n",
       "      <td>...</td>\n",
       "      <td>...</td>\n",
       "    </tr>\n",
       "    <tr>\n",
       "      <th>494</th>\n",
       "      <td>1</td>\n",
       "      <td>2</td>\n",
       "      <td>0</td>\n",
       "      <td>1</td>\n",
       "      <td>1</td>\n",
       "      <td>3597</td>\n",
       "      <td>2157.0</td>\n",
       "      <td>119.0</td>\n",
       "      <td>360.0</td>\n",
       "      <td>0.0</td>\n",
       "      <td>2</td>\n",
       "      <td>0</td>\n",
       "      <td>(3418.0, 3887.5]</td>\n",
       "      <td>(2083.0, 2500.0]</td>\n",
       "      <td>(110.1, 120.0]</td>\n",
       "      <td>(300.0, 360.0]</td>\n",
       "    </tr>\n",
       "    <tr>\n",
       "      <th>495</th>\n",
       "      <td>0</td>\n",
       "      <td>2</td>\n",
       "      <td>1</td>\n",
       "      <td>1</td>\n",
       "      <td>1</td>\n",
       "      <td>3326</td>\n",
       "      <td>913.0</td>\n",
       "      <td>105.0</td>\n",
       "      <td>84.0</td>\n",
       "      <td>1.0</td>\n",
       "      <td>3</td>\n",
       "      <td>1</td>\n",
       "      <td>(3031.3, 3418.0]</td>\n",
       "      <td>(-0.001, 1040.5]</td>\n",
       "      <td>(96.0, 110.1]</td>\n",
       "      <td>(35.999, 300.0]</td>\n",
       "    </tr>\n",
       "    <tr>\n",
       "      <th>496</th>\n",
       "      <td>1</td>\n",
       "      <td>2</td>\n",
       "      <td>0</td>\n",
       "      <td>0</td>\n",
       "      <td>1</td>\n",
       "      <td>2600</td>\n",
       "      <td>1700.0</td>\n",
       "      <td>107.0</td>\n",
       "      <td>360.0</td>\n",
       "      <td>1.0</td>\n",
       "      <td>2</td>\n",
       "      <td>1</td>\n",
       "      <td>(2589.8, 3031.3]</td>\n",
       "      <td>(1040.5, 1702.0]</td>\n",
       "      <td>(96.0, 110.1]</td>\n",
       "      <td>(300.0, 360.0]</td>\n",
       "    </tr>\n",
       "    <tr>\n",
       "      <th>498</th>\n",
       "      <td>1</td>\n",
       "      <td>2</td>\n",
       "      <td>1</td>\n",
       "      <td>1</td>\n",
       "      <td>0</td>\n",
       "      <td>2895</td>\n",
       "      <td>0.0</td>\n",
       "      <td>95.0</td>\n",
       "      <td>360.0</td>\n",
       "      <td>1.0</td>\n",
       "      <td>3</td>\n",
       "      <td>1</td>\n",
       "      <td>(2589.8, 3031.3]</td>\n",
       "      <td>(-0.001, 1040.5]</td>\n",
       "      <td>(74.7, 96.0]</td>\n",
       "      <td>(300.0, 360.0]</td>\n",
       "    </tr>\n",
       "    <tr>\n",
       "      <th>499</th>\n",
       "      <td>1</td>\n",
       "      <td>1</td>\n",
       "      <td>0</td>\n",
       "      <td>1</td>\n",
       "      <td>1</td>\n",
       "      <td>6283</td>\n",
       "      <td>4416.0</td>\n",
       "      <td>209.0</td>\n",
       "      <td>360.0</td>\n",
       "      <td>0.0</td>\n",
       "      <td>2</td>\n",
       "      <td>0</td>\n",
       "      <td>(5417.0, 6460.0]</td>\n",
       "      <td>(3831.2, 20000.0]</td>\n",
       "      <td>(181.2, 235.5]</td>\n",
       "      <td>(300.0, 360.0]</td>\n",
       "    </tr>\n",
       "  </tbody>\n",
       "</table>\n",
       "<p>338 rows × 16 columns</p>\n",
       "</div>"
      ],
      "text/plain": [
       "    Gender Married Dependents Education Self_Employed  ApplicantIncome  \\\n",
       "2        1       2          0         1             0             3000   \n",
       "3        1       2          0         0             1             2583   \n",
       "4        1       1          0         1             1             6000   \n",
       "5        1       2          1         1             0             5417   \n",
       "6        1       2          0         0             1             2333   \n",
       "..     ...     ...        ...       ...           ...              ...   \n",
       "494      1       2          0         1             1             3597   \n",
       "495      0       2          1         1             1             3326   \n",
       "496      1       2          0         0             1             2600   \n",
       "498      1       2          1         1             0             2895   \n",
       "499      1       1          0         1             1             6283   \n",
       "\n",
       "     CoapplicantIncome  LoanAmount  Loan_Amount_Term  Credit_History  \\\n",
       "2                  0.0        66.0             360.0             1.0   \n",
       "3               2358.0       120.0             360.0             1.0   \n",
       "4                  0.0       141.0             360.0             1.0   \n",
       "5               4196.0       267.0             360.0             1.0   \n",
       "6               1516.0        95.0             360.0             1.0   \n",
       "..                 ...         ...               ...             ...   \n",
       "494             2157.0       119.0             360.0             0.0   \n",
       "495              913.0       105.0              84.0             1.0   \n",
       "496             1700.0       107.0             360.0             1.0   \n",
       "498                0.0        95.0             360.0             1.0   \n",
       "499             4416.0       209.0             360.0             0.0   \n",
       "\n",
       "    Property_Area Loan_Status APPLICANTINCOME_BIN COAPPLICANTINCOME_BIN  \\\n",
       "2               1           1    (2589.8, 3031.3]      (-0.001, 1040.5]   \n",
       "3               1           1    (2232.2, 2589.8]      (2083.0, 2500.0]   \n",
       "4               1           1    (5417.0, 6460.0]      (-0.001, 1040.5]   \n",
       "5               1           1    (4435.8, 5417.0]     (3831.2, 20000.0]   \n",
       "6               1           1    (2232.2, 2589.8]      (1040.5, 1702.0]   \n",
       "..            ...         ...                 ...                   ...   \n",
       "494             2           0    (3418.0, 3887.5]      (2083.0, 2500.0]   \n",
       "495             3           1    (3031.3, 3418.0]      (-0.001, 1040.5]   \n",
       "496             2           1    (2589.8, 3031.3]      (1040.5, 1702.0]   \n",
       "498             3           1    (2589.8, 3031.3]      (-0.001, 1040.5]   \n",
       "499             2           0    (5417.0, 6460.0]     (3831.2, 20000.0]   \n",
       "\n",
       "     LOANAMOUNT_BIN LOAN_AMOUNT_TERM_BIN  \n",
       "2    (16.999, 74.7]       (300.0, 360.0]  \n",
       "3    (110.1, 120.0]       (300.0, 360.0]  \n",
       "4    (138.2, 158.0]       (300.0, 360.0]  \n",
       "5    (235.5, 700.0]       (300.0, 360.0]  \n",
       "6      (74.7, 96.0]       (300.0, 360.0]  \n",
       "..              ...                  ...  \n",
       "494  (110.1, 120.0]       (300.0, 360.0]  \n",
       "495   (96.0, 110.1]      (35.999, 300.0]  \n",
       "496   (96.0, 110.1]       (300.0, 360.0]  \n",
       "498    (74.7, 96.0]       (300.0, 360.0]  \n",
       "499  (181.2, 235.5]       (300.0, 360.0]  \n",
       "\n",
       "[338 rows x 16 columns]"
      ]
     },
     "execution_count": 89,
     "metadata": {},
     "output_type": "execute_result"
    }
   ],
   "source": [
    "import pandas as pd\n",
    "import numpy as np\n",
    "import seaborn as sb\n",
    "\n",
    "data = pd.read_pickle('Loan_Binning.pickle')\n",
    "\n",
    "data"
   ]
  },
  {
   "cell_type": "code",
   "execution_count": 90,
   "id": "139263ba",
   "metadata": {},
   "outputs": [
    {
     "name": "stdout",
     "output_type": "stream",
     "text": [
      "WOE Gender -> {0: -0.17280179645335886, 1: 0.04434373621229723}\n",
      "WOE Married -> {1: -0.24512245803298496, 2: 0.16034265007517928}\n",
      "WOE Dependents -> {0: 0.0196427679720442, 1: -0.029278209200386745}\n",
      "WOE Education -> {0: -0.30047255311614995, 1: 0.07907968599641366}\n",
      "WOE Self_Employed -> {0: -0.18796404419303647, 1: 0.03150977823221087}\n",
      "WOE Credit_History -> {0.0: -3.2816767261072313, 1.0: 0.6041439069268907}\n",
      "WOE Property_Area -> {1: -0.10307480037697031, 2: -0.437494350680441, 3: 0.46782734982314}\n",
      "WOE APPLICANTINCOME_BIN -> {Interval(6460.0, 9883.1, closed='right'): 0.4227069145426705, Interval(9883.1, 81000.0, closed='right'): -0.3992731378602432, Interval(3418.0, 3887.5, closed='right'): -0.6953234599825407, Interval(2589.8, 3031.3, closed='right'): 0.2657031657330057, Interval(2232.2, 2589.8, closed='right'): 0.4227069145426705, Interval(5417.0, 6460.0, closed='right'): 0.1823215567939548, Interval(3887.5, 4435.8, closed='right'): 0.11952065555492423, Interval(3031.3, 3418.0, closed='right'): -0.01834913866819643, Interval(149.999, 2232.2, closed='right'): -0.01834913866819643, Interval(4435.8, 5417.0, closed='right'): -0.10536051565782616}\n",
      "WOE COAPPLICANTINCOME_BIN -> {Interval(2083.0, 2500.0, closed='right'): 0.9304508717712531, Interval(-0.001, 1040.5, closed='right'): -0.08050047833843124, Interval(1702.0, 2083.0, closed='right'): 0.1995633632284607, Interval(3831.2, 20000.0, closed='right'): -0.5195593037347453, Interval(2500.0, 3831.2, closed='right'): -0.19633229386355297, Interval(1040.5, 1702.0, closed='right'): 0.2657031657330057}\n",
      "WOE LOANAMOUNT_BIN -> {Interval(16.999, 74.7, closed='right'): -0.1498122782286601, Interval(110.1, 120.0, closed='right'): 0.011307070914691542, Interval(138.2, 158.0, closed='right'): 0.2657031657330057, Interval(158.0, 181.2, closed='right'): -0.06280090123903023, Interval(120.0, 129.5, closed='right'): -0.11995931507897888, Interval(96.0, 110.1, closed='right'): -0.19633229386355297, Interval(181.2, 235.5, closed='right'): 0.2657031657330057, Interval(74.7, 96.0, closed='right'): 0.16034265007517948, Interval(129.5, 138.2, closed='right'): 0.5939786351500401, Interval(235.5, 700.0, closed='right'): -0.6381650461425921}\n",
      "WOE LOAN_AMOUNT_TERM_BIN -> {Interval(35.999, 300.0, closed='right'): -0.02197890671877523, Interval(360.0, 480.0, closed='right'): -1.449095262358921, Interval(300.0, 360.0, closed='right'): 0.05250994527196401}\n"
     ]
    },
    {
     "data": {
      "text/html": [
       "<div>\n",
       "<style scoped>\n",
       "    .dataframe tbody tr th:only-of-type {\n",
       "        vertical-align: middle;\n",
       "    }\n",
       "\n",
       "    .dataframe tbody tr th {\n",
       "        vertical-align: top;\n",
       "    }\n",
       "\n",
       "    .dataframe thead th {\n",
       "        text-align: right;\n",
       "    }\n",
       "</style>\n",
       "<table border=\"1\" class=\"dataframe\">\n",
       "  <thead>\n",
       "    <tr style=\"text-align: right;\">\n",
       "      <th></th>\n",
       "      <th>Loan_Status</th>\n",
       "      <th>Gender_WOE</th>\n",
       "      <th>Married_WOE</th>\n",
       "      <th>Dependents_WOE</th>\n",
       "      <th>Education_WOE</th>\n",
       "      <th>Self_Employed_WOE</th>\n",
       "      <th>Credit_History_WOE</th>\n",
       "      <th>Property_Area_WOE</th>\n",
       "      <th>APPLICANTINCOME_BIN_WOE</th>\n",
       "      <th>COAPPLICANTINCOME_BIN_WOE</th>\n",
       "      <th>LOANAMOUNT_BIN_WOE</th>\n",
       "      <th>LOAN_AMOUNT_TERM_BIN_WOE</th>\n",
       "    </tr>\n",
       "  </thead>\n",
       "  <tbody>\n",
       "    <tr>\n",
       "      <th>2</th>\n",
       "      <td>1</td>\n",
       "      <td>0.044344</td>\n",
       "      <td>0.160343</td>\n",
       "      <td>0.019643</td>\n",
       "      <td>0.079080</td>\n",
       "      <td>-0.187964</td>\n",
       "      <td>0.604144</td>\n",
       "      <td>-0.103075</td>\n",
       "      <td>0.265703</td>\n",
       "      <td>-0.080500</td>\n",
       "      <td>-0.149812</td>\n",
       "      <td>0.052510</td>\n",
       "    </tr>\n",
       "    <tr>\n",
       "      <th>3</th>\n",
       "      <td>1</td>\n",
       "      <td>0.044344</td>\n",
       "      <td>0.160343</td>\n",
       "      <td>0.019643</td>\n",
       "      <td>-0.300473</td>\n",
       "      <td>0.031510</td>\n",
       "      <td>0.604144</td>\n",
       "      <td>-0.103075</td>\n",
       "      <td>0.422707</td>\n",
       "      <td>0.930451</td>\n",
       "      <td>0.011307</td>\n",
       "      <td>0.052510</td>\n",
       "    </tr>\n",
       "    <tr>\n",
       "      <th>4</th>\n",
       "      <td>1</td>\n",
       "      <td>0.044344</td>\n",
       "      <td>-0.245122</td>\n",
       "      <td>0.019643</td>\n",
       "      <td>0.079080</td>\n",
       "      <td>0.031510</td>\n",
       "      <td>0.604144</td>\n",
       "      <td>-0.103075</td>\n",
       "      <td>0.182322</td>\n",
       "      <td>-0.080500</td>\n",
       "      <td>0.265703</td>\n",
       "      <td>0.052510</td>\n",
       "    </tr>\n",
       "    <tr>\n",
       "      <th>5</th>\n",
       "      <td>1</td>\n",
       "      <td>0.044344</td>\n",
       "      <td>0.160343</td>\n",
       "      <td>-0.029278</td>\n",
       "      <td>0.079080</td>\n",
       "      <td>-0.187964</td>\n",
       "      <td>0.604144</td>\n",
       "      <td>-0.103075</td>\n",
       "      <td>-0.105361</td>\n",
       "      <td>-0.519559</td>\n",
       "      <td>-0.638165</td>\n",
       "      <td>0.052510</td>\n",
       "    </tr>\n",
       "    <tr>\n",
       "      <th>6</th>\n",
       "      <td>1</td>\n",
       "      <td>0.044344</td>\n",
       "      <td>0.160343</td>\n",
       "      <td>0.019643</td>\n",
       "      <td>-0.300473</td>\n",
       "      <td>0.031510</td>\n",
       "      <td>0.604144</td>\n",
       "      <td>-0.103075</td>\n",
       "      <td>0.422707</td>\n",
       "      <td>0.265703</td>\n",
       "      <td>0.160343</td>\n",
       "      <td>0.052510</td>\n",
       "    </tr>\n",
       "    <tr>\n",
       "      <th>...</th>\n",
       "      <td>...</td>\n",
       "      <td>...</td>\n",
       "      <td>...</td>\n",
       "      <td>...</td>\n",
       "      <td>...</td>\n",
       "      <td>...</td>\n",
       "      <td>...</td>\n",
       "      <td>...</td>\n",
       "      <td>...</td>\n",
       "      <td>...</td>\n",
       "      <td>...</td>\n",
       "      <td>...</td>\n",
       "    </tr>\n",
       "    <tr>\n",
       "      <th>494</th>\n",
       "      <td>0</td>\n",
       "      <td>0.044344</td>\n",
       "      <td>0.160343</td>\n",
       "      <td>0.019643</td>\n",
       "      <td>0.079080</td>\n",
       "      <td>0.031510</td>\n",
       "      <td>-3.281677</td>\n",
       "      <td>-0.437494</td>\n",
       "      <td>-0.695323</td>\n",
       "      <td>0.930451</td>\n",
       "      <td>0.011307</td>\n",
       "      <td>0.052510</td>\n",
       "    </tr>\n",
       "    <tr>\n",
       "      <th>495</th>\n",
       "      <td>1</td>\n",
       "      <td>-0.172802</td>\n",
       "      <td>0.160343</td>\n",
       "      <td>-0.029278</td>\n",
       "      <td>0.079080</td>\n",
       "      <td>0.031510</td>\n",
       "      <td>0.604144</td>\n",
       "      <td>0.467827</td>\n",
       "      <td>-0.018349</td>\n",
       "      <td>-0.080500</td>\n",
       "      <td>-0.196332</td>\n",
       "      <td>-0.021979</td>\n",
       "    </tr>\n",
       "    <tr>\n",
       "      <th>496</th>\n",
       "      <td>1</td>\n",
       "      <td>0.044344</td>\n",
       "      <td>0.160343</td>\n",
       "      <td>0.019643</td>\n",
       "      <td>-0.300473</td>\n",
       "      <td>0.031510</td>\n",
       "      <td>0.604144</td>\n",
       "      <td>-0.437494</td>\n",
       "      <td>0.265703</td>\n",
       "      <td>0.265703</td>\n",
       "      <td>-0.196332</td>\n",
       "      <td>0.052510</td>\n",
       "    </tr>\n",
       "    <tr>\n",
       "      <th>498</th>\n",
       "      <td>1</td>\n",
       "      <td>0.044344</td>\n",
       "      <td>0.160343</td>\n",
       "      <td>-0.029278</td>\n",
       "      <td>0.079080</td>\n",
       "      <td>-0.187964</td>\n",
       "      <td>0.604144</td>\n",
       "      <td>0.467827</td>\n",
       "      <td>0.265703</td>\n",
       "      <td>-0.080500</td>\n",
       "      <td>0.160343</td>\n",
       "      <td>0.052510</td>\n",
       "    </tr>\n",
       "    <tr>\n",
       "      <th>499</th>\n",
       "      <td>0</td>\n",
       "      <td>0.044344</td>\n",
       "      <td>-0.245122</td>\n",
       "      <td>0.019643</td>\n",
       "      <td>0.079080</td>\n",
       "      <td>0.031510</td>\n",
       "      <td>-3.281677</td>\n",
       "      <td>-0.437494</td>\n",
       "      <td>0.182322</td>\n",
       "      <td>-0.519559</td>\n",
       "      <td>0.265703</td>\n",
       "      <td>0.052510</td>\n",
       "    </tr>\n",
       "  </tbody>\n",
       "</table>\n",
       "<p>338 rows × 12 columns</p>\n",
       "</div>"
      ],
      "text/plain": [
       "    Loan_Status  Gender_WOE  Married_WOE  Dependents_WOE  Education_WOE  \\\n",
       "2             1    0.044344     0.160343        0.019643       0.079080   \n",
       "3             1    0.044344     0.160343        0.019643      -0.300473   \n",
       "4             1    0.044344    -0.245122        0.019643       0.079080   \n",
       "5             1    0.044344     0.160343       -0.029278       0.079080   \n",
       "6             1    0.044344     0.160343        0.019643      -0.300473   \n",
       "..          ...         ...          ...             ...            ...   \n",
       "494           0    0.044344     0.160343        0.019643       0.079080   \n",
       "495           1   -0.172802     0.160343       -0.029278       0.079080   \n",
       "496           1    0.044344     0.160343        0.019643      -0.300473   \n",
       "498           1    0.044344     0.160343       -0.029278       0.079080   \n",
       "499           0    0.044344    -0.245122        0.019643       0.079080   \n",
       "\n",
       "     Self_Employed_WOE  Credit_History_WOE  Property_Area_WOE  \\\n",
       "2            -0.187964            0.604144          -0.103075   \n",
       "3             0.031510            0.604144          -0.103075   \n",
       "4             0.031510            0.604144          -0.103075   \n",
       "5            -0.187964            0.604144          -0.103075   \n",
       "6             0.031510            0.604144          -0.103075   \n",
       "..                 ...                 ...                ...   \n",
       "494           0.031510           -3.281677          -0.437494   \n",
       "495           0.031510            0.604144           0.467827   \n",
       "496           0.031510            0.604144          -0.437494   \n",
       "498          -0.187964            0.604144           0.467827   \n",
       "499           0.031510           -3.281677          -0.437494   \n",
       "\n",
       "     APPLICANTINCOME_BIN_WOE  COAPPLICANTINCOME_BIN_WOE  LOANAMOUNT_BIN_WOE  \\\n",
       "2                   0.265703                  -0.080500           -0.149812   \n",
       "3                   0.422707                   0.930451            0.011307   \n",
       "4                   0.182322                  -0.080500            0.265703   \n",
       "5                  -0.105361                  -0.519559           -0.638165   \n",
       "6                   0.422707                   0.265703            0.160343   \n",
       "..                       ...                        ...                 ...   \n",
       "494                -0.695323                   0.930451            0.011307   \n",
       "495                -0.018349                  -0.080500           -0.196332   \n",
       "496                 0.265703                   0.265703           -0.196332   \n",
       "498                 0.265703                  -0.080500            0.160343   \n",
       "499                 0.182322                  -0.519559            0.265703   \n",
       "\n",
       "     LOAN_AMOUNT_TERM_BIN_WOE  \n",
       "2                    0.052510  \n",
       "3                    0.052510  \n",
       "4                    0.052510  \n",
       "5                    0.052510  \n",
       "6                    0.052510  \n",
       "..                        ...  \n",
       "494                  0.052510  \n",
       "495                 -0.021979  \n",
       "496                  0.052510  \n",
       "498                  0.052510  \n",
       "499                  0.052510  \n",
       "\n",
       "[338 rows x 12 columns]"
      ]
     },
     "execution_count": 90,
     "metadata": {},
     "output_type": "execute_result"
    }
   ],
   "source": [
    "def num_event(event, dataframe ,field, val):\n",
    "    if event == 'good':\n",
    "        event = 1\n",
    "    else:\n",
    "        event = 0\n",
    "    cond_main = dataframe[field] == val\n",
    "    cond_event = dataframe['Loan_Status'] == event\n",
    "    n = len(dataframe[cond_main & cond_event].index)\n",
    "    return n\n",
    "\n",
    "\n",
    "def dist_event(event, dataframe ,field, val):\n",
    "    n = num_event(event, dataframe, field, val)\n",
    "    sumd = 0\n",
    "    all_elements = set(dataframe[field].to_numpy())\n",
    "    for a in all_elements:\n",
    "        s = num_event(event, dataframe, field, a)\n",
    "        sumd = sumd + s\n",
    "    return n/sumd\n",
    "\n",
    "def WOE(dataframe, field, val):\n",
    "    dg = dist_event('good', dataframe, field, val)\n",
    "    db = dist_event('bad', dataframe, field, val)\n",
    "    w = np.log(dg / db)\n",
    "    return w\n",
    "\n",
    "dt_train = pd.DataFrame()\n",
    "dt_train['Loan_Status'] = data['Loan_Status']\n",
    "ATTRS = ['Gender','Married','Dependents','Education','Self_Employed','Credit_History','Property_Area','APPLICANTINCOME_BIN','COAPPLICANTINCOME_BIN','LOANAMOUNT_BIN','LOAN_AMOUNT_TERM_BIN']\n",
    "\n",
    "\n",
    "NEW_WOE_ATTRS=[]\n",
    "for attr in ATTRS:\n",
    "    attr_element = set(data[attr].to_numpy())\n",
    "    attr_woe = dict()\n",
    "    for i in attr_element:\n",
    "        w = WOE(data, attr, i)\n",
    "        attr_woe[i] = w\n",
    "        NEW_WOE_ATTRS.append( attr_woe[i])\n",
    "    print(f'WOE {attr} -> {attr_woe}')\n",
    "    \n",
    "\n",
    "    lst = []\n",
    "    for s in data[attr]:\n",
    "        woe = attr_woe[s]\n",
    "        lst.append(woe)\n",
    "\n",
    "    new_field = attr + '_WOE'\n",
    "    dt_train[new_field] = lst\n",
    "\n",
    "\n",
    "dt_train"
   ]
  },
  {
   "cell_type": "code",
   "execution_count": 91,
   "id": "12a2aab3",
   "metadata": {},
   "outputs": [
    {
     "data": {
      "text/plain": [
       "array([[ 1.        ,  0.04434374,  0.16034265, ..., -0.08050048,\n",
       "        -0.14981228,  0.05250995],\n",
       "       [ 1.        ,  0.04434374,  0.16034265, ...,  0.93045087,\n",
       "         0.01130707,  0.05250995],\n",
       "       [ 1.        ,  0.04434374, -0.24512246, ..., -0.08050048,\n",
       "         0.26570317,  0.05250995],\n",
       "       ...,\n",
       "       [ 1.        ,  0.04434374,  0.16034265, ...,  0.26570317,\n",
       "        -0.19633229,  0.05250995],\n",
       "       [ 1.        ,  0.04434374,  0.16034265, ..., -0.08050048,\n",
       "         0.16034265,  0.05250995],\n",
       "       [ 1.        ,  0.04434374, -0.24512246, ..., -0.5195593 ,\n",
       "         0.26570317,  0.05250995]])"
      ]
     },
     "execution_count": 91,
     "metadata": {},
     "output_type": "execute_result"
    }
   ],
   "source": [
    "Y =  dt_train['Loan_Status'].to_numpy()\n",
    "x_1 = dt_train['Gender_WOE'].to_numpy()\n",
    "x_2 = dt_train['Married_WOE'].to_numpy()\n",
    "x_3 = dt_train['Dependents_WOE'].to_numpy()\n",
    "x_4 = dt_train['Education_WOE'].to_numpy()\n",
    "x_5 = dt_train['Self_Employed_WOE'].to_numpy()\n",
    "x_6 = dt_train['Credit_History_WOE'].to_numpy()\n",
    "x_7 = dt_train['Property_Area_WOE'].to_numpy()\n",
    "x_8 = dt_train['APPLICANTINCOME_BIN_WOE'].to_numpy()\n",
    "x_9 = dt_train['COAPPLICANTINCOME_BIN_WOE'].to_numpy()\n",
    "x_10 = dt_train['LOANAMOUNT_BIN_WOE'].to_numpy()\n",
    "x_11 = dt_train['LOAN_AMOUNT_TERM_BIN_WOE'].to_numpy()\n",
    "\n",
    "\n",
    "array_ones = np.ones(x_1.shape)\n",
    "\n",
    "X = np.array([array_ones, x_1,x_2,x_3,x_4,x_5,x_6,x_7,x_8,x_9,x_10,x_11])\n",
    "X = np.transpose(X)\n",
    "X"
   ]
  },
  {
   "cell_type": "code",
   "execution_count": 92,
   "id": "d92cb3ea",
   "metadata": {},
   "outputs": [
    {
     "data": {
      "text/plain": [
       "array([[ 3.38000000e+02,  4.39432151e-01,  2.29628189e+00,\n",
       "         3.49236563e-02,  1.29893385e+00,  3.35035389e-01,\n",
       "        -5.63367364e+00,  8.74994402e+00,  6.21964959e+00,\n",
       "         8.24405374e+00,  5.87710487e+00,  1.47782711e+00],\n",
       "       [ 4.39432151e-01,  2.53353632e+00,  2.17128732e+00,\n",
       "        -1.24884514e-01, -2.14761055e-02, -1.09966866e-01,\n",
       "        -6.01471308e-01, -7.93536232e-01,  9.91227525e-01,\n",
       "        -1.04268042e-01, -9.91285421e-01,  2.23676274e-03],\n",
       "       [ 2.29628189e+00,  2.17128732e+00,  1.30899332e+01,\n",
       "        -5.77464265e-01, -5.10230171e-01,  2.01792489e-02,\n",
       "         8.28753042e-01,  1.02554835e+00,  1.51991269e+00,\n",
       "         2.35227903e+00, -5.07070935e-01,  2.65432885e+00],\n",
       "       [ 3.49236563e-02, -1.24884514e-01, -5.77464265e-01,\n",
       "         1.94049009e-01,  7.88562210e-02,  5.61649608e-02,\n",
       "         2.71629445e-01,  8.34261842e-04,  3.18884763e-01,\n",
       "         2.24224291e-01,  2.74881237e-01, -1.56846880e-01],\n",
       "       [ 1.29893385e+00, -2.14761055e-02, -5.10230171e-01,\n",
       "         7.88562210e-02,  7.74373631e+00, -2.50831412e-02,\n",
       "         7.78906204e+00,  1.12178281e+00, -1.15089265e+00,\n",
       "        -2.18436618e+00, -5.27985803e-01,  2.60682359e-01],\n",
       "       [ 3.35035389e-01, -1.09966866e-01,  2.01792489e-02,\n",
       "         5.61649608e-02, -2.50831412e-02,  1.94945669e+00,\n",
       "        -4.39571764e-01,  4.35128977e-01, -1.23382400e-01,\n",
       "         9.48683121e-01,  2.80582310e-01, -3.47383812e-02],\n",
       "       [-5.63367364e+00, -6.01471308e-01,  8.28753042e-01,\n",
       "         2.71629445e-01,  7.78906204e+00, -4.39571764e-01,\n",
       "         6.85204836e+02,  1.12930630e+01,  3.56632915e+00,\n",
       "         3.57415582e+00,  1.06198201e+01,  9.98439025e+00],\n",
       "       [ 8.74994402e+00, -7.93536232e-01,  1.02554835e+00,\n",
       "         8.34261842e-04,  1.12178281e+00,  4.35128977e-01,\n",
       "         1.12930630e+01,  4.82522748e+01, -1.57760501e+00,\n",
       "        -2.58946057e-01, -7.94157899e-02, -1.03396081e+00],\n",
       "       [ 6.21964959e+00,  9.91227525e-01,  1.51991269e+00,\n",
       "         3.18884763e-01, -1.15089265e+00, -1.23382400e-01,\n",
       "         3.56632915e+00, -1.57760501e+00,  3.78864054e+01,\n",
       "         2.75994856e+00,  6.22963069e-01,  4.74615957e-01],\n",
       "       [ 8.24405374e+00, -1.04268042e-01,  2.35227903e+00,\n",
       "         2.24224291e-01, -2.18436618e+00,  9.48683121e-01,\n",
       "         3.57415582e+00, -2.58946057e-01,  2.75994856e+00,\n",
       "         4.30829286e+01,  8.77191219e+00,  1.34375712e+00],\n",
       "       [ 5.87710487e+00, -9.91285421e-01, -5.07070935e-01,\n",
       "         2.74881237e-01, -5.27985803e-01,  2.80582310e-01,\n",
       "         1.06198201e+01, -7.94157899e-02,  6.22963069e-01,\n",
       "         8.77191219e+00,  3.40873909e+01,  3.05337236e-01],\n",
       "       [ 1.47782711e+00,  2.23676274e-03,  2.65432885e+00,\n",
       "        -1.56846880e-01,  2.60682359e-01, -3.47383812e-02,\n",
       "         9.98439025e+00, -1.03396081e+00,  4.74615957e-01,\n",
       "         1.34375712e+00,  3.05337236e-01,  1.97218973e+01]])"
      ]
     },
     "execution_count": 92,
     "metadata": {},
     "output_type": "execute_result"
    }
   ],
   "source": [
    "np.matmul(np.transpose(X), X)"
   ]
  },
  {
   "cell_type": "code",
   "execution_count": 93,
   "id": "d18157f5",
   "metadata": {},
   "outputs": [
    {
     "data": {
      "text/plain": [
       "array([[ 3.00841430e-03, -4.56917607e-04, -2.54531028e-04,\n",
       "         4.91932788e-04, -7.34234064e-04, -1.61631374e-04,\n",
       "         5.64577717e-05, -5.65390091e-04, -4.82968408e-04,\n",
       "        -4.82091221e-04, -4.34137385e-04, -1.84821531e-04],\n",
       "       [-4.56917607e-04,  4.77759022e-01, -7.78088014e-02,\n",
       "         7.99345039e-02, -6.42666639e-03,  2.01419188e-02,\n",
       "         1.03967493e-04,  9.48048320e-03, -1.02224757e-02,\n",
       "         2.33258404e-03,  1.13776426e-02,  1.15636417e-02],\n",
       "       [-2.54531028e-04, -7.78088014e-02,  1.05667287e-01,\n",
       "         2.71734696e-01,  2.58888126e-03, -9.69322707e-03,\n",
       "        -3.94381696e-05, -3.86276259e-03, -3.94554810e-03,\n",
       "        -6.18706889e-03, -9.45702139e-04, -1.17352443e-02],\n",
       "       [ 4.91932788e-04,  7.99345039e-02,  2.71734696e-01,\n",
       "         6.30296741e+00, -6.80319228e-02, -1.61436279e-01,\n",
       "        -1.25665081e-03, -3.31849143e-03, -6.57375053e-02,\n",
       "        -3.69486301e-02, -3.33488318e-02,  1.92018457e-02],\n",
       "       [-7.34234064e-04, -6.42666639e-03,  2.58888126e-03,\n",
       "        -6.80319228e-02,  1.34768195e-01,  4.23003241e-04,\n",
       "        -1.51585946e-03, -2.68132100e-03,  4.39901088e-03,\n",
       "         6.81161355e-03,  1.26661971e-03, -2.57708862e-03],\n",
       "       [-1.61631374e-04,  2.01419188e-02, -9.69322707e-03,\n",
       "        -1.61436279e-01,  4.23003241e-04,  5.25258766e-01,\n",
       "         5.15599876e-04, -4.21617966e-03,  3.49221132e-03,\n",
       "        -1.03983672e-02, -1.13957125e-04,  1.09428199e-03],\n",
       "       [ 5.64577717e-05,  1.03967493e-04, -3.94381696e-05,\n",
       "        -1.25665081e-03, -1.51585946e-03,  5.15599876e-04,\n",
       "         1.50334554e-03, -3.52014721e-04, -1.76958649e-04,\n",
       "        -8.82227650e-05, -4.61413820e-04, -7.50107957e-04],\n",
       "       [-5.65390091e-04,  9.48048320e-03, -3.86276259e-03,\n",
       "        -3.31849143e-03, -2.68132100e-03, -4.21617966e-03,\n",
       "        -3.52014721e-04,  2.13150505e-02,  8.03221086e-04,\n",
       "         2.85993418e-04,  3.90459145e-04,  1.81363030e-03],\n",
       "       [-4.82968408e-04, -1.02224757e-02, -3.94554810e-03,\n",
       "        -6.57375053e-02,  4.39901088e-03,  3.49221132e-03,\n",
       "        -1.76958649e-04,  8.03221086e-04,  2.77246076e-02,\n",
       "        -9.92073990e-04,  1.06682733e-04, -4.75991105e-04],\n",
       "       [-4.82091221e-04,  2.33258404e-03, -6.18706889e-03,\n",
       "        -3.69486301e-02,  6.81161355e-03, -1.03983672e-02,\n",
       "        -8.82227650e-05,  2.85993418e-04, -9.92073990e-04,\n",
       "         2.57466010e-02, -6.02132364e-03, -1.11113322e-03],\n",
       "       [-4.34137385e-04,  1.13776426e-02, -9.45702139e-04,\n",
       "        -3.33488318e-02,  1.26661971e-03, -1.13957125e-04,\n",
       "        -4.61413820e-04,  3.90459145e-04,  1.06682733e-04,\n",
       "        -6.02132364e-03,  3.17092886e-02,  4.71923552e-05],\n",
       "       [-1.84821531e-04,  1.15636417e-02, -1.17352443e-02,\n",
       "         1.92018457e-02, -2.57708862e-03,  1.09428199e-03,\n",
       "        -7.50107957e-04,  1.81363030e-03, -4.75991105e-04,\n",
       "        -1.11113322e-03,  4.71923552e-05,  5.30469865e-02]])"
      ]
     },
     "execution_count": 93,
     "metadata": {},
     "output_type": "execute_result"
    }
   ],
   "source": [
    "np.linalg.inv(np.matmul(np.transpose(X), X))"
   ]
  },
  {
   "cell_type": "code",
   "execution_count": 94,
   "id": "bda58fcf",
   "metadata": {},
   "outputs": [
    {
     "data": {
      "text/plain": [
       "array([230.0, 0.8618014242051484, 4.441600868638101, 0.06602771087895018,\n",
       "       2.6266859755600276, 0.6630343206510837, 123.40981606104879,\n",
       "       16.131739967017236, 12.611916423348063, 13.942741609089923,\n",
       "       11.32099836685913, 5.710250489890591], dtype=object)"
      ]
     },
     "execution_count": 94,
     "metadata": {},
     "output_type": "execute_result"
    }
   ],
   "source": [
    "np.matmul(np.transpose(X), Y)"
   ]
  },
  {
   "cell_type": "code",
   "execution_count": 95,
   "id": "d4623091",
   "metadata": {},
   "outputs": [
    {
     "data": {
      "text/plain": [
       "array([0.6674713449605472, 0.22700102735079428, 0.08112605786874723,\n",
       "       -0.3013484425827287, 0.10661842736806694, 0.17548210787580668,\n",
       "       0.1760570804162501, 0.1802172918098554, 0.19754959947527875,\n",
       "       0.137886638212547, 0.13280053587254495, 0.1291943061980887],\n",
       "      dtype=object)"
      ]
     },
     "execution_count": 95,
     "metadata": {},
     "output_type": "execute_result"
    }
   ],
   "source": [
    "B = np.matmul(np.linalg.inv(np.matmul(np.transpose(X), X)), np.matmul(np.transpose(X), Y))\n",
    "B"
   ]
  },
  {
   "cell_type": "code",
   "execution_count": 96,
   "id": "3626a06f",
   "metadata": {},
   "outputs": [
    {
     "name": "stdout",
     "output_type": "stream",
     "text": [
      "y = 0.667+ (0.227)x_1+ (0.081)x_2+ (-0.301)x_3+ (0.107)x_4+ (0.175)x_5+ (0.176)x_6+ (0.180)x_7+ (0.198)x_8+ (0.138)x_9+ (0.133)x_10+ (0.129)x_11\n"
     ]
    }
   ],
   "source": [
    "def predict(x):\n",
    "    y = B[0] + B[1]*x+ B[2]*x+ B[3]*x+ B[4]*x+ B[5]*x \\\n",
    "    + B[6]*x+ B[7]*x+ B[8]*x+ B[9]*x+ B[10]*x+ B[11]*x\n",
    "    return y\n",
    "\n",
    "eq = f'y = {B[0]:.3f}'\n",
    "for i in range(1, len(B)):\n",
    "    eq = eq + f'+ ({B[i]:.3f})x_{i}'\n",
    "print(eq)"
   ]
  },
  {
   "cell_type": "code",
   "execution_count": 97,
   "id": "a55aa5b0",
   "metadata": {},
   "outputs": [
    {
     "data": {
      "text/html": [
       "<div>\n",
       "<style scoped>\n",
       "    .dataframe tbody tr th:only-of-type {\n",
       "        vertical-align: middle;\n",
       "    }\n",
       "\n",
       "    .dataframe tbody tr th {\n",
       "        vertical-align: top;\n",
       "    }\n",
       "\n",
       "    .dataframe thead th {\n",
       "        text-align: right;\n",
       "    }\n",
       "</style>\n",
       "<table border=\"1\" class=\"dataframe\">\n",
       "  <thead>\n",
       "    <tr style=\"text-align: right;\">\n",
       "      <th></th>\n",
       "      <th>ATTR</th>\n",
       "      <th>VAL</th>\n",
       "      <th>N_GOOD</th>\n",
       "      <th>N_BAD</th>\n",
