{
 "cells": [
  {
   "cell_type": "code",
   "execution_count": 1,
   "id": "3dd8eb09",
   "metadata": {},
   "outputs": [
    {
     "name": "stdout",
     "output_type": "stream",
     "text": [
      "WOE Education -> {0: -0.30047255311614995, 1: 0.07907968599641366}\n",
      "WOE Self_Employed -> {0: -0.18796404419303647, 1: 0.03150977823221087}\n",
      "WOE Property_Area -> {1: -0.10307480037697031, 2: -0.437494350680441, 3: 0.46782734982314}\n",
      "WOE APPLICANTINCOME_BIN -> {Interval(5417.0, 6460.0, closed='right'): 0.1823215567939548, Interval(149.999, 2232.2, closed='right'): -0.01834913866819643, Interval(3887.5, 4435.8, closed='right'): 0.11952065555492423, Interval(9883.1, 81000.0, closed='right'): -0.3992731378602432, Interval(3418.0, 3887.5, closed='right'): -0.6953234599825407, Interval(3031.3, 3418.0, closed='right'): -0.01834913866819643, Interval(2589.8, 3031.3, closed='right'): 0.2657031657330057, Interval(2232.2, 2589.8, closed='right'): 0.4227069145426705, Interval(4435.8, 5417.0, closed='right'): -0.10536051565782616, Interval(6460.0, 9883.1, closed='right'): 0.4227069145426705}\n",
      "WOE COAPPLICANTINCOME_BIN -> {Interval(3831.2, 20000.0, closed='right'): -0.5195593037347453, Interval(2500.0, 3831.2, closed='right'): -0.19633229386355297, Interval(2083.0, 2500.0, closed='right'): 0.9304508717712531, Interval(-0.001, 1040.5, closed='right'): -0.08050047833843124, Interval(1702.0, 2083.0, closed='right'): 0.1995633632284607, Interval(1040.5, 1702.0, closed='right'): 0.2657031657330057}\n",
      "WOE LOANAMOUNT_BIN -> {Interval(181.2, 235.5, closed='right'): 0.2657031657330057, Interval(235.5, 700.0, closed='right'): -0.6381650461425921, Interval(158.0, 181.2, closed='right'): -0.06280090123903023, Interval(120.0, 129.5, closed='right'): -0.11995931507897888, Interval(96.0, 110.1, closed='right'): -0.19633229386355297, Interval(16.999, 74.7, closed='right'): -0.1498122782286601, Interval(74.7, 96.0, closed='right'): 0.16034265007517948, Interval(110.1, 120.0, closed='right'): 0.011307070914691542, Interval(129.5, 138.2, closed='right'): 0.5939786351500401, Interval(138.2, 158.0, closed='right'): 0.2657031657330057}\n",
      "WOE LOAN_AMOUNT_TERM_BIN -> {Interval(360.0, 480.0, closed='right'): -1.449095262358921, Interval(300.0, 360.0, closed='right'): 0.05250994527196401, Interval(35.999, 300.0, closed='right'): -0.02197890671877523}\n"
     ]
    },
    {
     "data": {
      "text/html": [
       "<div>\n",
       "<style scoped>\n",
       "    .dataframe tbody tr th:only-of-type {\n",
       "        vertical-align: middle;\n",
       "    }\n",
       "\n",
       "    .dataframe tbody tr th {\n",
       "        vertical-align: top;\n",
       "    }\n",
       "\n",
       "    .dataframe thead th {\n",
       "        text-align: right;\n",
       "    }\n",
       "</style>\n",
       "<table border=\"1\" class=\"dataframe\">\n",
       "  <thead>\n",
       "    <tr style=\"text-align: right;\">\n",
       "      <th></th>\n",
       "      <th>Loan_Status</th>\n",
       "      <th>Education_WOE</th>\n",
       "      <th>Self_Employed_WOE</th>\n",
       "      <th>Property_Area_WOE</th>\n",
       "      <th>APPLICANTINCOME_BIN_WOE</th>\n",
       "      <th>COAPPLICANTINCOME_BIN_WOE</th>\n",
       "      <th>LOANAMOUNT_BIN_WOE</th>\n",
       "      <th>LOAN_AMOUNT_TERM_BIN_WOE</th>\n",
       "    </tr>\n",
       "  </thead>\n",
       "  <tbody>\n",
       "    <tr>\n",
       "      <th>2</th>\n",
       "      <td>1</td>\n",
       "      <td>0.079080</td>\n",
       "      <td>-0.187964</td>\n",
       "      <td>-0.103075</td>\n",
       "      <td>0.265703</td>\n",
       "      <td>-0.080500</td>\n",
       "      <td>-0.149812</td>\n",
       "      <td>0.052510</td>\n",
       "    </tr>\n",
       "    <tr>\n",
       "      <th>3</th>\n",
       "      <td>1</td>\n",
       "      <td>-0.300473</td>\n",
       "      <td>0.031510</td>\n",
       "      <td>-0.103075</td>\n",
       "      <td>0.422707</td>\n",
       "      <td>0.930451</td>\n",
       "      <td>0.011307</td>\n",
       "      <td>0.052510</td>\n",
       "    </tr>\n",
       "    <tr>\n",
       "      <th>4</th>\n",
       "      <td>1</td>\n",
       "      <td>0.079080</td>\n",
       "      <td>0.031510</td>\n",
       "      <td>-0.103075</td>\n",
       "      <td>0.182322</td>\n",
       "      <td>-0.080500</td>\n",
       "      <td>0.265703</td>\n",
       "      <td>0.052510</td>\n",
       "    </tr>\n",
       "    <tr>\n",
       "      <th>5</th>\n",
       "      <td>1</td>\n",
       "      <td>0.079080</td>\n",
       "      <td>-0.187964</td>\n",
       "      <td>-0.103075</td>\n",
       "      <td>-0.105361</td>\n",
       "      <td>-0.519559</td>\n",
       "      <td>-0.638165</td>\n",
       "      <td>0.052510</td>\n",
       "    </tr>\n",
       "    <tr>\n",
       "      <th>6</th>\n",
       "      <td>1</td>\n",
       "      <td>-0.300473</td>\n",
       "      <td>0.031510</td>\n",
       "      <td>-0.103075</td>\n",
       "      <td>0.422707</td>\n",
       "      <td>0.265703</td>\n",
       "      <td>0.160343</td>\n",
       "      <td>0.052510</td>\n",
       "    </tr>\n",
       "    <tr>\n",
       "      <th>...</th>\n",
       "      <td>...</td>\n",
       "      <td>...</td>\n",
       "      <td>...</td>\n",
       "      <td>...</td>\n",
       "      <td>...</td>\n",
       "      <td>...</td>\n",
       "      <td>...</td>\n",
       "      <td>...</td>\n",
       "    </tr>\n",
       "    <tr>\n",
       "      <th>494</th>\n",
       "      <td>0</td>\n",
       "      <td>0.079080</td>\n",
       "      <td>0.031510</td>\n",
       "      <td>-0.437494</td>\n",
       "      <td>-0.695323</td>\n",
       "      <td>0.930451</td>\n",
       "      <td>0.011307</td>\n",
       "      <td>0.052510</td>\n",
       "    </tr>\n",
       "    <tr>\n",
       "      <th>495</th>\n",
       "      <td>1</td>\n",
       "      <td>0.079080</td>\n",
       "      <td>0.031510</td>\n",
       "      <td>0.467827</td>\n",
       "      <td>-0.018349</td>\n",
       "      <td>-0.080500</td>\n",
       "      <td>-0.196332</td>\n",
       "      <td>-0.021979</td>\n",
       "    </tr>\n",
       "    <tr>\n",
       "      <th>496</th>\n",
       "      <td>1</td>\n",
       "      <td>-0.300473</td>\n",
       "      <td>0.031510</td>\n",
       "      <td>-0.437494</td>\n",
       "      <td>0.265703</td>\n",
       "      <td>0.265703</td>\n",
       "      <td>-0.196332</td>\n",
       "      <td>0.052510</td>\n",
       "    </tr>\n",
       "    <tr>\n",
       "      <th>498</th>\n",
       "      <td>1</td>\n",
       "      <td>0.079080</td>\n",
       "      <td>-0.187964</td>\n",
       "      <td>0.467827</td>\n",
       "      <td>0.265703</td>\n",
       "      <td>-0.080500</td>\n",
       "      <td>0.160343</td>\n",
       "      <td>0.052510</td>\n",
       "    </tr>\n",
       "    <tr>\n",
       "      <th>499</th>\n",
       "      <td>0</td>\n",
       "      <td>0.079080</td>\n",
       "      <td>0.031510</td>\n",
       "      <td>-0.437494</td>\n",
       "      <td>0.182322</td>\n",
       "      <td>-0.519559</td>\n",
       "      <td>0.265703</td>\n",
       "      <td>0.052510</td>\n",
       "    </tr>\n",
       "  </tbody>\n",
       "</table>\n",
       "<p>338 rows × 8 columns</p>\n",
       "</div>"
      ],
      "text/plain": [
       "    Loan_Status  Education_WOE  Self_Employed_WOE  Property_Area_WOE  \\\n",
       "2             1       0.079080          -0.187964          -0.103075   \n",
       "3             1      -0.300473           0.031510          -0.103075   \n",
       "4             1       0.079080           0.031510          -0.103075   \n",
       "5             1       0.079080          -0.187964          -0.103075   \n",
       "6             1      -0.300473           0.031510          -0.103075   \n",
       "..          ...            ...                ...                ...   \n",
       "494           0       0.079080           0.031510          -0.437494   \n",
       "495           1       0.079080           0.031510           0.467827   \n",
       "496           1      -0.300473           0.031510          -0.437494   \n",
       "498           1       0.079080          -0.187964           0.467827   \n",
       "499           0       0.079080           0.031510          -0.437494   \n",
       "\n",
       "     APPLICANTINCOME_BIN_WOE  COAPPLICANTINCOME_BIN_WOE  LOANAMOUNT_BIN_WOE  \\\n",
       "2                   0.265703                  -0.080500           -0.149812   \n",
       "3                   0.422707                   0.930451            0.011307   \n",
       "4                   0.182322                  -0.080500            0.265703   \n",
       "5                  -0.105361                  -0.519559           -0.638165   \n",
       "6                   0.422707                   0.265703            0.160343   \n",
       "..                       ...                        ...                 ...   \n",
       "494                -0.695323                   0.930451            0.011307   \n",
       "495                -0.018349                  -0.080500           -0.196332   \n",
       "496                 0.265703                   0.265703           -0.196332   \n",
       "498                 0.265703                  -0.080500            0.160343   \n",
       "499                 0.182322                  -0.519559            0.265703   \n",
       "\n",
       "     LOAN_AMOUNT_TERM_BIN_WOE  \n",
       "2                    0.052510  \n",
       "3                    0.052510  \n",
       "4                    0.052510  \n",
       "5                    0.052510  \n",
       "6                    0.052510  \n",
       "..                        ...  \n",
       "494                  0.052510  \n",
       "495                 -0.021979  \n",
       "496                  0.052510  \n",
       "498                  0.052510  \n",
       "499                  0.052510  \n",
       "\n",
       "[338 rows x 8 columns]"
      ]
     },
     "execution_count": 1,
     "metadata": {},
     "output_type": "execute_result"
    }
   ],
   "source": [
    "import pandas as pd\n",
    "import numpy as np\n",
    "import seaborn as sb\n",
    "\n",
    "data = pd.read_pickle('Loan_Binning.pickle')\n",
    "\n",
    "def num_event(event, dataframe ,field, val):\n",
    "    if event == 'good':\n",
    "        event = 1\n",
    "    else:\n",
    "        event = 0\n",
    "    cond_main = dataframe[field] == val\n",
    "    cond_event = dataframe['Loan_Status'] == event\n",
    "    n = len(dataframe[cond_main & cond_event].index)\n",
    "    return n\n",
    "\n",
    "\n",
    "def dist_event(event, dataframe ,field, val):\n",
    "    n = num_event(event, dataframe, field, val)\n",
    "    sumd = 0\n",
    "    all_elements = set(dataframe[field].to_numpy())\n",
    "    for a in all_elements:\n",
    "        s = num_event(event, dataframe, field, a)\n",
    "        sumd = sumd + s\n",
    "    return n/sumd\n",
    "\n",
    "def WOE(dataframe, field, val):\n",
    "    dg = dist_event('good', dataframe, field, val)\n",
    "    db = dist_event('bad', dataframe, field, val)\n",
    "    w = np.log(dg / db)\n",
    "    return w\n",
    "\n",
    "dt_train = pd.DataFrame()\n",
    "dt_train['Loan_Status'] = data['Loan_Status']\n",
    "ATTRS = ['Education','Self_Employed','Property_Area','APPLICANTINCOME_BIN','COAPPLICANTINCOME_BIN','LOANAMOUNT_BIN','LOAN_AMOUNT_TERM_BIN']\n",
    "\n",
    "\n",
    "NEW_WOE_ATTRS=[]\n",
    "for attr in ATTRS:\n",
    "    attr_element = set(data[attr].to_numpy())\n",
    "    attr_woe = dict()\n",
    "    for i in attr_element:\n",
    "        w = WOE(data, attr, i)\n",
    "        attr_woe[i] = w\n",
    "        NEW_WOE_ATTRS.append( attr_woe[i])\n",
    "    print(f'WOE {attr} -> {attr_woe}')\n",
    "    \n",
    "\n",
    "    lst = []\n",
    "    for s in data[attr]:\n",
    "        woe = attr_woe[s]\n",
    "        lst.append(woe)\n",
    "\n",
    "    new_field = attr + '_WOE'\n",
    "    dt_train[new_field] = lst\n",
    "\n",
    "\n",
    "dt_train"
   ]
  },
  {
   "cell_type": "code",
   "execution_count": 2,
   "id": "906c46f8",
   "metadata": {},
   "outputs": [
    {
     "data": {
      "text/plain": [
       "array([[ 1.        ,  0.07907969, -0.18796404, ..., -0.08050048,\n",
       "        -0.14981228,  0.05250995],\n",
       "       [ 1.        , -0.30047255,  0.03150978, ...,  0.93045087,\n",
       "         0.01130707,  0.05250995],\n",
       "       [ 1.        ,  0.07907969,  0.03150978, ..., -0.08050048,\n",
       "         0.26570317,  0.05250995],\n",
       "       ...,\n",
       "       [ 1.        , -0.30047255,  0.03150978, ...,  0.26570317,\n",
       "        -0.19633229,  0.05250995],\n",
       "       [ 1.        ,  0.07907969, -0.18796404, ..., -0.08050048,\n",
       "         0.16034265,  0.05250995],\n",
       "       [ 1.        ,  0.07907969,  0.03150978, ..., -0.5195593 ,\n",
       "         0.26570317,  0.05250995]])"
      ]
     },
     "execution_count": 2,
     "metadata": {},
     "output_type": "execute_result"
    }
   ],
   "source": [
    "Y =  dt_train['Loan_Status'].to_numpy()\n",
    "x_1 = dt_train['Education_WOE'].to_numpy()\n",
    "x_2 = dt_train['Self_Employed_WOE'].to_numpy()\n",
    "x_3 = dt_train['Property_Area_WOE'].to_numpy()\n",
    "x_4 = dt_train['APPLICANTINCOME_BIN_WOE'].to_numpy()\n",
    "x_5 = dt_train['COAPPLICANTINCOME_BIN_WOE'].to_numpy()\n",
    "x_6 = dt_train['LOANAMOUNT_BIN_WOE'].to_numpy()\n",
    "x_7 = dt_train['LOAN_AMOUNT_TERM_BIN_WOE'].to_numpy()\n",
    "\n",
    "\n",
    "array_ones = np.ones(x_1.shape)\n",
    "\n",
    "X = np.array([array_ones, x_1,x_2,x_3,x_4,x_5,x_6,x_7])\n",
    "X = np.transpose(X)\n",
    "X"
   ]
  },
  {
   "cell_type": "code",
   "execution_count": 3,
   "id": "8ae635ab",
   "metadata": {},
   "outputs": [
    {
     "data": {
      "text/plain": [
       "array([[ 3.38000000e+02,  1.29893385e+00,  3.35035389e-01,\n",
       "         8.74994402e+00,  6.21964959e+00,  8.24405374e+00,\n",
       "         5.87710487e+00,  1.47782711e+00],\n",
       "       [ 1.29893385e+00,  7.74373631e+00, -2.50831412e-02,\n",
       "         1.12178281e+00, -1.15089265e+00, -2.18436618e+00,\n",
       "        -5.27985803e-01,  2.60682359e-01],\n",
       "       [ 3.35035389e-01, -2.50831412e-02,  1.94945669e+00,\n",
       "         4.35128977e-01, -1.23382400e-01,  9.48683121e-01,\n",
       "         2.80582310e-01, -3.47383812e-02],\n",
       "       [ 8.74994402e+00,  1.12178281e+00,  4.35128977e-01,\n",
       "         4.82522748e+01, -1.57760501e+00, -2.58946057e-01,\n",
       "        -7.94157899e-02, -1.03396081e+00],\n",
       "       [ 6.21964959e+00, -1.15089265e+00, -1.23382400e-01,\n",
       "        -1.57760501e+00,  3.78864054e+01,  2.75994856e+00,\n",
       "         6.22963069e-01,  4.74615957e-01],\n",
       "       [ 8.24405374e+00, -2.18436618e+00,  9.48683121e-01,\n",
       "        -2.58946057e-01,  2.75994856e+00,  4.30829286e+01,\n",
       "         8.77191219e+00,  1.34375712e+00],\n",
       "       [ 5.87710487e+00, -5.27985803e-01,  2.80582310e-01,\n",
       "        -7.94157899e-02,  6.22963069e-01,  8.77191219e+00,\n",
       "         3.40873909e+01,  3.05337236e-01],\n",
       "       [ 1.47782711e+00,  2.60682359e-01, -3.47383812e-02,\n",
       "        -1.03396081e+00,  4.74615957e-01,  1.34375712e+00,\n",
       "         3.05337236e-01,  1.97218973e+01]])"
      ]
     },
     "execution_count": 3,
     "metadata": {},
     "output_type": "execute_result"
    }
   ],
   "source": [
    "np.matmul(np.transpose(X), X)"
   ]
  },
  {
   "cell_type": "code",
   "execution_count": 4,
   "id": "004d0f4e",
   "metadata": {},
   "outputs": [
    {
     "data": {
      "text/plain": [
       "array([[ 3.00420694e-03, -6.56230581e-04, -1.40881039e-04,\n",
       "        -5.51773707e-04, -4.91913687e-04, -4.91141545e-04,\n",
       "        -3.91135869e-04, -1.94259388e-04],\n",
       "       [-6.56230581e-04,  1.32150316e-01, -6.34443505e-04,\n",
       "        -2.84680082e-03,  3.54485584e-03,  6.58436075e-03,\n",
       "         4.20849952e-04, -2.38839640e-03],\n",
       "       [-1.40881039e-04, -6.34443505e-04,  5.19925841e-01,\n",
       "        -4.60446247e-03,  2.34020920e-03, -1.13912038e-02,\n",
       "        -1.40016592e-03,  1.43485017e-03],\n",
       "       [-5.51773707e-04, -2.84680082e-03, -4.60446247e-03,\n",
       "         2.09847720e-02,  8.41219530e-04,  8.05717104e-05,\n",
       "         9.14745120e-05,  1.14388394e-03],\n",
       "       [-4.91913687e-04,  3.54485584e-03,  2.34020920e-03,\n",
       "         8.41219530e-04,  2.67391534e-02, -1.47335250e-03,\n",
       "         1.74169672e-05, -5.05141760e-04],\n",
       "       [-4.91141545e-04,  6.58436075e-03, -1.13912038e-02,\n",
       "         8.05717104e-05, -1.47335250e-03,  2.52960383e-02,\n",
       "        -6.18718256e-03, -1.65837422e-03],\n",
       "       [-3.91135869e-04,  4.20849952e-04, -1.40016592e-03,\n",
       "         9.14745120e-05,  1.74169672e-05, -6.18718256e-03,\n",
       "         3.10142160e-02, -3.29444048e-05],\n",
       "       [-1.94259388e-04, -2.38839640e-03,  1.43485017e-03,\n",
       "         1.14388394e-03, -5.05141760e-04, -1.65837422e-03,\n",
       "        -3.29444048e-05,  5.09393448e-02]])"
      ]
     },
     "execution_count": 4,
     "metadata": {},
     "output_type": "execute_result"
    }
   ],
   "source": [
    "np.linalg.inv(np.matmul(np.transpose(X), X))"
   ]
  },
  {
   "cell_type": "code",
   "execution_count": 5,
   "id": "7def4266",
   "metadata": {},
   "outputs": [
    {
     "data": {
      "text/plain": [
       "array([230.0, 2.6266859755600276, 0.6630343206510837, 16.131739967017236,\n",
       "       12.611916423348063, 13.942741609089923, 11.32099836685913,\n",
       "       5.710250489890591], dtype=object)"
      ]
     },
     "execution_count": 5,
     "metadata": {},
     "output_type": "execute_result"
    }
   ],
   "source": [
    "np.matmul(np.transpose(X), Y)"
   ]
  },
  {
   "cell_type": "code",
   "execution_count": 6,
   "id": "b04ca358",
   "metadata": {},
   "outputs": [
    {
     "data": {
      "text/plain": [
       "array([0.6616602532955891, 0.2774774047349331, 0.09941355318811397,\n",
       "       0.2203825923763963, 0.22529513510690818, 0.15267900635615614,\n",
       "       0.1765686177306918, 0.22946133302163865], dtype=object)"
      ]
     },
     "execution_count": 6,
     "metadata": {},
     "output_type": "execute_result"
    }
   ],
   "source": [
    "B = np.matmul(np.linalg.inv(np.matmul(np.transpose(X), X)), np.matmul(np.transpose(X), Y))\n",
    "B"
   ]
  },
  {
   "cell_type": "code",
   "execution_count": 7,
   "id": "1bb61ae2",
   "metadata": {},
   "outputs": [
    {
     "name": "stdout",
     "output_type": "stream",
     "text": [
      "y = 0.662+ (0.277)x_1+ (0.099)x_2+ (0.220)x_3+ (0.225)x_4+ (0.153)x_5+ (0.177)x_6+ (0.229)x_7\n"
     ]
    }
   ],
   "source": [
    "def predict(x):\n",
    "    y = B[0] + B[1]*x+ B[2]*x+ B[3]*x+ B[4]*x+ B[5]*x+ B[6]*x+ B[7]*x\n",
    "    return y\n",
    "\n",
    "eq = f'y = {B[0]:.3f}'\n",
    "for i in range(1, len(B)):\n",
    "    eq = eq + f'+ ({B[i]:.3f})x_{i}'\n",
    "print(eq)"
   ]
  },
  {
   "cell_type": "code",
   "execution_count": 8,
   "id": "8292dbf8",
   "metadata": {},
   "outputs": [],
   "source": [
    "dt_test = pd.read_pickle('Data_test.pickle')\n",
    "dt_test = dt_test.drop('Gender', axis = 'columns')\n",
    "dt_test = dt_test.drop('Married', axis = 'columns')\n",
    "dt_test = dt_test.drop('Dependents', axis = 'columns')\n",
    "dt_test = dt_test.drop('Credit_History', axis = 'columns')\n",
    "\n",
    "attr = pd.read_pickle('Loan_attr.pickle')"
   ]
  },
  {
   "cell_type": "code",
   "execution_count": 9,
   "id": "28f4ef0d",
   "metadata": {},
   "outputs": [
    {
     "data": {
      "text/html": [
       "<div>\n",
       "<style scoped>\n",
       "    .dataframe tbody tr th:only-of-type {\n",
       "        vertical-align: middle;\n",
       "    }\n",
       "\n",
       "    .dataframe tbody tr th {\n",
       "        vertical-align: top;\n",
       "    }\n",
       "\n",
       "    .dataframe thead th {\n",
       "        text-align: right;\n",
       "    }\n",
       "</style>\n",
       "<table border=\"1\" class=\"dataframe\">\n",
       "  <thead>\n",
       "    <tr style=\"text-align: right;\">\n",
       "      <th></th>\n",
       "      <th>Education</th>\n",
       "      <th>Self_Employed</th>\n",
       "      <th>ApplicantIncome</th>\n",
       "      <th>CoapplicantIncome</th>\n",
       "      <th>LoanAmount</th>\n",
       "      <th>Loan_Amount_Term</th>\n",
       "      <th>Property_Area</th>\n",
       "      <th>Loan_Status</th>\n",
       "      <th>y_predict</th>\n",
       "      <th>P</th>\n",
       "      <th>predict</th>\n",
       "    </tr>\n",
       "  </thead>\n",
       "  <tbody>\n",
       "    <tr>\n",
       "      <th>5</th>\n",
       "      <td>1</td>\n",
       "      <td>0</td>\n",
       "      <td>5417</td>\n",
       "      <td>4196.0</td>\n",
       "      <td>267.0</td>\n",
       "      <td>360.0</td>\n",
       "      <td>1</td>\n",
       "      <td>1</td>\n",
       "      <td>0.438507</td>\n",
       "      <td>0.607903</td>\n",
       "      <td>1</td>\n",
       "    </tr>\n",
       "    <tr>\n",
       "      <th>9</th>\n",
       "      <td>1</td>\n",
       "      <td>1</td>\n",
       "      <td>12841</td>\n",
       "      <td>10968.0</td>\n",
       "      <td>349.0</td>\n",
       "      <td>360.0</td>\n",
       "      <td>3</td>\n",
       "      <td>0</td>\n",
       "      <td>0.519926</td>\n",
       "      <td>0.627130</td>\n",
       "      <td>1</td>\n",
       "    </tr>\n",
       "    <tr>\n",
       "      <th>13</th>\n",
       "      <td>1</td>\n",
       "      <td>1</td>\n",
       "      <td>1853</td>\n",
       "      <td>2840.0</td>\n",
       "      <td>114.0</td>\n",
       "      <td>360.0</td>\n",
       "      <td>2</td>\n",
       "      <td>0</td>\n",
       "      <td>0.570255</td>\n",
       "      <td>0.638822</td>\n",
       "      <td>1</td>\n",
       "    </tr>\n",
       "    <tr>\n",
       "      <th>15</th>\n",
       "      <td>1</td>\n",
       "      <td>1</td>\n",
       "      <td>4950</td>\n",
       "      <td>0.0</td>\n",
       "      <td>125.0</td>\n",
       "      <td>360.0</td>\n",
       "      <td>1</td>\n",
       "      <td>1</td>\n",
       "      <td>0.618860</td>\n",
       "      <td>0.649959</td>\n",
       "      <td>1</td>\n",
       "    </tr>\n",
       "    <tr>\n",
       "      <th>16</th>\n",
       "      <td>0</td>\n",
       "      <td>1</td>\n",
       "      <td>3596</td>\n",
       "      <td>0.0</td>\n",
       "      <td>100.0</td>\n",
       "      <td>240.0</td>\n",
       "      <td>1</td>\n",
       "      <td>1</td>\n",
       "      <td>0.350049</td>\n",
       "      <td>0.586630</td>\n",
       "      <td>1</td>\n",
       "    </tr>\n",
       "    <tr>\n",
       "      <th>...</th>\n",
       "      <td>...</td>\n",
       "      <td>...</td>\n",
       "      <td>...</td>\n",
       "      <td>...</td>\n",
       "      <td>...</td>\n",
       "      <td>...</td>\n",
       "      <td>...</td>\n",
       "      <td>...</td>\n",
       "      <td>...</td>\n",
       "      <td>...</td>\n",
       "      <td>...</td>\n",
       "    </tr>\n",
       "    <tr>\n",
       "      <th>477</th>\n",
       "      <td>1</td>\n",
       "      <td>1</td>\n",
       "      <td>2873</td>\n",
       "      <td>1872.0</td>\n",
       "      <td>132.0</td>\n",
       "      <td>360.0</td>\n",
       "      <td>3</td>\n",
       "      <td>0</td>\n",
       "      <td>NaN</td>\n",
       "      <td>NaN</td>\n",
       "      <td>0</td>\n",
       "    </tr>\n",
       "    <tr>\n",
       "      <th>480</th>\n",
       "      <td>0</td>\n",
       "      <td>1</td>\n",
       "      <td>4350</td>\n",
       "      <td>0.0</td>\n",
       "      <td>154.0</td>\n",
       "      <td>360.0</td>\n",
       "      <td>2</td>\n",
       "      <td>1</td>\n",
       "      <td>0.558603</td>\n",
       "      <td>0.636129</td>\n",
       "      <td>1</td>\n",
       "    </tr>\n",
       "    <tr>\n",
       "      <th>482</th>\n",
       "      <td>1</td>\n",
       "      <td>1</td>\n",
       "      <td>2083</td>\n",
       "      <td>3150.0</td>\n",
       "      <td>128.0</td>\n",
       "      <td>360.0</td>\n",
       "      <td>3</td>\n",
       "      <td>1</td>\n",
       "      <td>NaN</td>\n",
       "      <td>NaN</td>\n",
       "      <td>0</td>\n",
       "    </tr>\n",
       "    <tr>\n",
       "      <th>488</th>\n",
       "      <td>1</td>\n",
       "      <td>0</td>\n",
       "      <td>4583</td>\n",
       "      <td>2083.0</td>\n",
       "      <td>160.0</td>\n",
       "      <td>360.0</td>\n",
       "      <td>3</td>\n",
       "      <td>1</td>\n",
       "      <td>0.775710</td>\n",
       "      <td>0.684755</td>\n",
       "      <td>1</td>\n",
       "    </tr>\n",
       "    <tr>\n",
       "      <th>498</th>\n",
       "      <td>1</td>\n",
       "      <td>0</td>\n",
       "      <td>2895</td>\n",
       "      <td>0.0</td>\n",
       "      <td>95.0</td>\n",
       "      <td>360.0</td>\n",
       "      <td>3</td>\n",
       "      <td>1</td>\n",
       "      <td>0.855949</td>\n",
       "      <td>0.701814</td>\n",
       "      <td>1</td>\n",
       "    </tr>\n",
       "  </tbody>\n",
       "</table>\n",
       "<p>144 rows × 11 columns</p>\n",
       "</div>"
      ],
      "text/plain": [
       "    Education Self_Employed  ApplicantIncome  CoapplicantIncome  LoanAmount  \\\n",
       "5           1             0             5417             4196.0       267.0   \n",
       "9           1             1            12841            10968.0       349.0   \n",
       "13          1             1             1853             2840.0       114.0   \n",
       "15          1             1             4950                0.0       125.0   \n",
       "16          0             1             3596                0.0       100.0   \n",
       "..        ...           ...              ...                ...         ...   \n",
       "477         1             1             2873             1872.0       132.0   \n",
       "480         0             1             4350                0.0       154.0   \n",
       "482         1             1             2083             3150.0       128.0   \n",
       "488         1             0             4583             2083.0       160.0   \n",
       "498         1             0             2895                0.0        95.0   \n",
       "\n",
       "     Loan_Amount_Term Property_Area Loan_Status  y_predict         P  predict  \n",
       "5               360.0             1           1   0.438507  0.607903        1  \n",
       "9               360.0             3           0   0.519926  0.627130        1  \n",
       "13              360.0             2           0   0.570255  0.638822        1  \n",
       "15              360.0             1           1   0.618860  0.649959        1  \n",
       "16              240.0             1           1   0.350049  0.586630        1  \n",
       "..                ...           ...         ...        ...       ...      ...  \n",
       "477             360.0             3           0        NaN       NaN        0  \n",
       "480             360.0             2           1   0.558603  0.636129        1  \n",
       "482             360.0             3           1        NaN       NaN        0  \n",
       "488             360.0             3           1   0.775710  0.684755        1  \n",
       "498             360.0             3           1   0.855949  0.701814        1  \n",
       "\n",
       "[144 rows x 11 columns]"
      ]
     },
     "execution_count": 9,
     "metadata": {},
     "output_type": "execute_result"
    }
   ],
   "source": [
    "# y_predict\n",
    "dt_test['y_predict'] = B[0] + B[1]*dt_train['Education_WOE'] + B[2]*dt_train['Self_Employed_WOE'] \\\n",
    "        + B[3]*dt_train['Property_Area_WOE'] + B[4]*dt_train['APPLICANTINCOME_BIN_WOE'] \\\n",
    "        + B[5]*dt_train['COAPPLICANTINCOME_BIN_WOE'] + B[6]*dt_train['LOANAMOUNT_BIN_WOE'] + B[7]*dt_train['LOAN_AMOUNT_TERM_BIN_WOE']\n",
    "\n",
    "dt_test['P'] = 1/(1+np.exp(-dt_test['y_predict']))\n",
    "\n",
    "\n",
    "# s_predict\n",
    "dt_test['predict'] = dt_test['P'].map(lambda x: 1 if x >= 0.5 else 0)\n",
    "dt_test"
   ]
  },
  {
   "cell_type": "code",
   "execution_count": 10,
   "id": "09bf597c",
   "metadata": {},
   "outputs": [
    {
     "name": "stdout",
     "output_type": "stream",
     "text": [
      "correct is\n",
      "87\n",
      "accuracy is\n",
      "0.6041666666666666\n"
     ]
    }
   ],
   "source": [
    "n_correct = (dt_test['Loan_Status'] == dt_test['predict']).sum()\n",
    "print('correct is')\n",
    "print(n_correct)\n",
    "\n",
    "\n",
    "accuracy = n_correct/144\n",
    "print('accuracy is')\n",
    "print(accuracy)"
   ]
  },
  {
   "cell_type": "code",
   "execution_count": null,
   "id": "cb0f6825",
   "metadata": {},
   "outputs": [],
   "source": []
  },
  {
   "cell_type": "code",
   "execution_count": null,
   "id": "ae36ab44",
   "metadata": {},
   "outputs": [],
   "source": []
  }
 ],
 "metadata": {
  "kernelspec": {
   "display_name": "Python 3",
   "language": "python",
   "name": "python3"
  },
  "language_info": {
   "codemirror_mode": {
    "name": "ipython",
    "version": 3
   },
   "file_extension": ".py",
   "mimetype": "text/x-python",
   "name": "python",
   "nbconvert_exporter": "python",
   "pygments_lexer": "ipython3",
   "version": "3.9.5"
  }
 },
 "nbformat": 4,
 "nbformat_minor": 5
}
